0.0000000000e+00 2.2153771884e-07 4.5701832323e-04 1.5873078126e-02 
4.8000000000e-04 2.3214385858e-07 4.7321511300e-04 1.6564430900e-02 
9.6000000000e-04 2.4752535441e-07 4.9595192986e-04 1.7511151442e-02 
1.4400000000e-03 2.6520796072e-07 5.2056553905e-04 1.8486218833e-02 
1.9200000000e-03 2.8421399286e-07 5.4634059996e-04 1.9518338018e-02 
2.4000000000e-03 3.0299346861e-07 5.7215034141e-04 2.0653783579e-02 
2.8800000000e-03 3.2120714883e-07 5.9801357274e-04 2.1891218648e-02 
3.3600000000e-03 3.3817737267e-07 6.2400085742e-04 2.3226547704e-02 
3.8400000000e-03 3.5550140351e-07 6.5083110512e-04 2.4636699167e-02 
4.3200000000e-03 3.7774040236e-07 6.8052271656e-04 2.6057065895e-02 
4.8000000000e-03 4.0394353436e-07 7.1263098956e-04 2.7517678064e-02 
5.2800000000e-03 4.2950329150e-07 7.4502700100e-04 2.9146072252e-02 
5.7600000000e-03 4.5473586792e-07 7.7792741377e-04 3.0928760960e-02 
6.2400000000e-03 4.8350413803e-07 8.1347700605e-04 3.2734666892e-02 
6.7200000000e-03 5.1594701763e-07 8.5167214360e-04 3.4569224653e-02 
7.2000000000e-03 5.4919126381e-07 8.9034215793e-04 3.6602227473e-02 
7.6800000000e-03 5.8296418048e-07 9.2931041198e-04 3.8850813878e-02 
8.1600000000e-03 6.2030112723e-07 9.7117689211e-04 4.1146301877e-02 
8.6400000000e-03 6.6174779829e-07 1.0164803804e-03 4.3456434836e-02 
9.1200000000e-03 7.0295872512e-07 1.0626841257e-03 4.5990619990e-02 
9.6000000000e-03 7.4256422398e-07 1.1089611258e-03 4.8818658140e-02 
1.0080000000e-02 7.8586862276e-07 1.1575676440e-03 5.1801245000e-02 
1.0560000000e-02 8.3535840605e-07 1.2095673012e-03 5.4872928076e-02 
1.1040000000e-02 8.8999338470e-07 1.2649827460e-03 5.8049209345e-02 
1.1520000000e-02 9.4911672118e-07 1.3238256566e-03 6.1340053200e-02 
1.2000000000e-02 1.0106226966e-06 1.3845100657e-03 6.4886012566e-02 
1.2480000000e-02 1.0727204345e-06 1.4456871363e-03 6.8806625220e-02 
1.2960000000e-02 1.1374639700e-06 1.5091741249e-03 7.2974221614e-02 
1.3440000000e-02 1.2072684449e-06 1.5771077682e-03 7.7238687459e-02 
1.3920000000e-02 1.2814894277e-06 1.6484672446e-03 8.1710874131e-02 
1.4400000000e-02 1.3590949075e-06 1.7216221051e-03 8.6567623104e-02 
1.4880000000e-02 1.4406832536e-06 1.7972985433e-03 9.1759582821e-02 
1.5360000000e-02 1.5275522103e-06 1.8770818125e-03 9.7177224294e-02 
1.5840000000e-02 1.6195142915e-06 1.9608163504e-03 1.0285503884e-01 
1.6320000000e-02 1.7159221254e-06 2.0479182735e-03 1.0890024357e-01 
1.6800000000e-02 1.8171688104e-06 2.1383956226e-03 1.1532680408e-01 
1.7280000000e-02 1.9248789221e-06 2.2324107875e-03 1.2216296364e-01 
1.7760000000e-02 2.0392399785e-06 2.3302543282e-03 1.2939791184e-01 
1.8240000000e-02 2.1604150630e-06 2.4333289699e-03 1.3696271647e-01 
1.8720000000e-02 2.2880490730e-06 2.5415271340e-03 1.4488692284e-01 
1.9200000000e-02 2.4194491862e-06 2.6526797099e-03 1.5344994304e-01 
1.9680000000e-02 2.5548034007e-06 2.7667594696e-03 1.6267211745e-01 
2.0160000000e-02 2.7015893264e-06 2.8879237026e-03 1.7219374004e-01 
2.0640000000e-02 2.8612922435e-06 3.0169709704e-03 1.8195732940e-01 
2.1120000000e-02 3.0255487907e-06 3.1487996469e-03 1.9259722545e-01 
2.1600000000e-02 3.1917620958e-06 3.2818324098e-03 2.0431473767e-01 
2.2080000000e-02 3.3713433848e-06 3.4232372792e-03 2.1637742980e-01 
2.2560000000e-02 3.5695230448e-06 3.5763006022e-03 2.2845317485e-01 
2.3040000000e-02 3.7747969661e-06 3.7338625455e-03 2.4156027266e-01 
2.3520000000e-02 3.9799585789e-06 3.8914371861e-03 2.5633697907e-01 
2.4000000000e-02 4.1976788285e-06 4.0564394449e-03 2.7188429737e-01 
2.4480000000e-02 4.4387341296e-06 4.2351755811e-03 2.8743764678e-01 
2.4960000000e-02 4.6941062115e-06 4.4219136629e-03 3.0381972165e-01 
2.5440000000e-02 4.9531913610e-06 4.6099140653e-03 3.2199784881e-01 
2.5920000000e-02 5.2229975922e-06 4.8037536367e-03 3.4141975267e-01 
2.6400000000e-02 5.5147076561e-06 5.0107352205e-03 3.6120382507e-01 
2.6880000000e-02 5.8241918345e-06 5.2281366751e-03 3.8181037845e-01 
2.7360000000e-02 6.1423831336e-06 5.4499832688e-03 4.0424012518e-01 
2.7840000000e-02 6.4726067525e-06 5.6780329545e-03 4.2828230120e-01 
2.8320000000e-02 6.8250619680e-06 5.9177864314e-03 4.5325127516e-01 
2.8800000000e-02 7.1989704513e-06 6.1688101009e-03 4.7928427560e-01 
2.9280000000e-02 7.5890971902e-06 6.4282286097e-03 5.0705246694e-01 
2.9760000000e-02 7.9954978482e-06 6.6960411096e-03 5.3660248226e-01 
3.0240000000e-02 8.4210128843e-06 6.9736474655e-03 5.6784441164e-01 
3.0720000000e-02 8.8664179586e-06 7.2615447984e-03 6.0075379963e-01 
3.1200000000e-02 9.3343983893e-06 7.5618747152e-03 6.3524633634e-01 
3.1680000000e-02 9.8250676134e-06 7.8746474258e-03 6.7139325785e-01 
3.2160000000e-02 1.0334111711e-05 8.1955842105e-03 7.1011122621e-01 
3.2640000000e-02 1.0861178757e-05 8.5240257450e-03 7.5157026900e-01 
3.3120000000e-02 1.1419482012e-05 8.8679231949e-03 7.9454497527e-01 
3.3600000000e-02 1.2013080483e-05 9.2297724173e-03 8.3867190926e-01 
3.4080000000e-02 1.2622603965e-05 9.5995510775e-03 8.8614582310e-01 
3.4560000000e-02 1.3239269830e-05 9.9726979666e-03 9.3796882908e-01 
3.5040000000e-02 1.3890078008e-05 1.0361857717e-02 9.9162705570e-01 
3.5520000000e-02 1.4591946667e-05 1.0774952954e-02 1.0455466594e+00 
3.6000000000e-02 1.5317925111e-05 1.1199048215e-02 1.1030761116e+00 
3.6480000000e-02 1.6045092254e-05 1.1623142114e-02 1.1670632282e+00 
3.6960000000e-02 1.6797855593e-05 1.2059478296e-02 1.2345426495e+00 
3.7440000000e-02 1.7604913549e-05 1.2522452879e-02 1.3020276958e+00 
3.7920000000e-02 1.8447181572e-05 1.3002326905e-02 1.3722347421e+00 
3.8400000000e-02 1.9294206726e-05 1.3483560695e-02 1.4494967374e+00 
3.8880000000e-02 2.0157778123e-05 1.3972219882e-02 1.5319494417e+00 
3.9360000000e-02 2.1063739316e-05 1.4481597765e-02 1.6155192831e+00 
3.9840000000e-02 2.2005360720e-05 1.5008160552e-02 1.7015400811e+00 
4.0320000000e-02 2.2961312030e-05 1.5540732932e-02 1.7941431514e+00 
4.0800000000e-02 2.3933152597e-05 1.6080365308e-02 1.8927651957e+00 
4.1280000000e-02 2.4931573467e-05 1.6633536603e-02 1.9943531344e+00 
4.1760000000e-02 2.5955833481e-05 1.7199964405e-02 2.0991045868e+00 
4.2240000000e-02 2.6996931284e-05 1.7775044239e-02 2.2095185135e+00 
4.2720000000e-02 2.8053077872e-05 1.8357980009e-02 2.3258123868e+00 
4.3200000000e-02 2.9120529797e-05 1.8947704823e-02 2.4470365118e+00 
4.3680000000e-02 3.0198893076e-05 1.9544049852e-02 2.5729957291e+00 
4.4160000000e-02 3.1291718198e-05 2.0147436424e-02 2.7035963890e+00 
4.4640000000e-02 3.2399193314e-05 2.0757675979e-02 2.8389126471e+00 
4.5120000000e-02 3.3508757452e-05 2.1369774613e-02 2.9805901534e+00 
4.5600000000e-02 3.4615936897e-05 2.1981961423e-02 3.1291223819e+00 
4.6080000000e-02 3.5720299398e-05 2.2594301264e-02 3.2817274539e+00 
4.6560000000e-02 3.6821613444e-05 2.3206800126e-02 3.4371412376e+00 
4.7040000000e-02 3.7917710567e-05 2.3817541069e-02 3.5990227228e+00 
4.7520000000e-02 3.9007208305e-05 2.4425308904e-02 3.7696636051e+00 
4.8000000000e-02 4.0077529917e-05 2.5023288399e-02 3.9447717755e+00 
4.8480000000e-02 4.1117979107e-05 2.5605683321e-02 4.1206968713e+00 
4.8960000000e-02 4.2142819238e-05 2.6179650226e-02 4.3013862427e+00 
4.9440000000e-02 4.3168821223e-05 2.6753603818e-02 4.4914811979e+00 
4.9920000000e-02 4.4170008931e-05 2.7310280437e-02 4.6873857402e+00 
5.0400000000e-02 4.5104989684e-05 2.7822177622e-02 4.8833637520e+00 
5.0880000000e-02 4.5994683901e-05 2.8303085303e-02 5.0812808762e+00 
5.1360000000e-02 4.6884608309e-05 2.8783012270e-02 5.2852518328e+00 
5.1840000000e-02 4.7768328406e-05 2.9253958456e-02 5.4943759878e+00 
5.2320000000e-02 4.8623536553e-05 2.9690632215e-02 5.7057383580e+00 
5.2800000000e-02 4.9448970640e-05 3.0091511169e-02 5.9189942282e+00 
5.3280000000e-02 5.0244934228e-05 3.0456595661e-02 6.1335072449e+00 
5.3760000000e-02 5.1012438753e-05 3.0783566109e-02 6.3491663580e+00 
5.4240000000e-02 5.1756494895e-05 3.1060591096e-02 6.5657159137e+00 
5.4720000000e-02 5.2478937466e-05 3.1288720263e-02 6.7828761902e+00 
5.5200000000e-02 5.3187826923e-05 3.1487262626e-02 6.9989101131e+00 
5.5680000000e-02 5.3884820359e-05 3.1656465792e-02 7.2135458816e+00 
5.6160000000e-02 5.4570719850e-05 3.1759376950e-02 7.4275016814e+00 
5.6640000000e-02 5.5246187848e-05 3.1788758445e-02 7.6407494963e+00 
5.7120000000e-02 5.5918685478e-05 3.1787639688e-02 7.8496508656e+00 
5.7600000000e-02 5.6591282867e-05 3.1769400834e-02 8.0530115240e+00 
5.8080000000e-02 5.7276884122e-05 3.1675921776e-02 8.2538195638e+00 
5.8560000000e-02 5.7981459494e-05 3.1480509001e-02 8.4534159890e+00 
5.9040000000e-02 5.8696336343e-05 3.1237551645e-02 8.6465574907e+00 
5.9520000000e-02 5.9416098484e-05 3.0981145031e-02 8.8299564617e+00 
6.0000000000e-02 6.0160657782e-05 3.0666375111e-02 9.0075106826e+00 
6.0480000000e-02 6.0946948925e-05 3.0255043279e-02 9.1825351469e+00 
6.0960000000e-02 6.1764572266e-05 2.9777840156e-02 9.3509893977e+00 
6.1440000000e-02 6.2601299865e-05 2.9270851880e-02 9.5081226518e+00 
6.1920000000e-02 6.3471229909e-05 2.8710139519e-02 9.6573309893e+00 
6.2400000000e-02 6.4396835705e-05 2.8057503847e-02 9.8040325737e+00 
6.2880000000e-02 6.5361661159e-05 2.7341413994e-02 9.9435479541e+00 
6.3360000000e-02 6.6330176996e-05 2.6623317298e-02 1.0065800486e+01 
6.3840000000e-02 6.7318211512e-05 2.5882178913e-02 1.0173657972e+01 
6.4320000000e-02 6.8373612891e-05 2.5053103297e-02 1.0276124191e+01 
6.4800000000e-02 6.9505093400e-05 2.4127255533e-02 1.0373741170e+01 
6.5280000000e-02 7.0734581250e-05 2.3086104720e-02 1.0466509014e+01 
6.5760000000e-02 7.2049383450e-05 2.1945052081e-02 1.0553428681e+01 
6.6240000000e-02 7.3374049495e-05 2.0791702609e-02 1.0629404419e+01 
6.6720000000e-02 7.4698181057e-05 1.9638353303e-02 1.0692496349e+01 
6.7200000000e-02 7.6023151282e-05 1.8485002566e-02 1.0733980605e+01 
6.7680000000e-02 7.7354411681e-05 1.7325553929e-02 1.0753786362e+01 
6.8160000000e-02 7.8746088445e-05 1.6096336418e-02 1.0769037705e+01 
6.8640000000e-02 8.0211071408e-05 1.4782260157e-02 1.0784288922e+01 
6.9120000000e-02 8.1724352009e-05 1.3413956345e-02 1.0799540229e+01 
6.9600000000e-02 8.3276195149e-05 1.2003240995e-02 1.0814012835e+01 
7.0080000000e-02 8.4840368794e-05 1.0578940451e-02 1.0803842286e+01 
7.0560000000e-02 8.6404414684e-05 9.1545232709e-03 1.0758062149e+01 
7.1040000000e-02 8.7960872865e-05 7.7208864794e-03 1.0698542889e+01 
7.1520000000e-02 8.9505049532e-05 6.2722985766e-03 1.0639023641e+01 
7.2000000000e-02 9.1032328754e-05 4.8006960569e-03 1.0579504326e+01 
7.2480000000e-02 9.2538784762e-05 3.2992210512e-03 1.0519984873e+01 
7.2960000000e-02 9.4033732643e-05 1.7815899758e-03 1.0450089238e+01 
7.3440000000e-02 9.5528125112e-05 2.6393063960e-04 1.0357617232e+01 
7.3920000000e-02 9.7022617486e-05 -1.2537295634e-03 1.0246874149e+01 
7.4400000000e-02 9.8518224892e-05 -2.7713883009e-03 1.0124744542e+01 
7.4880000000e-02 9.9914352252e-05 -4.2718473348e-03 9.9948572455e+00 
7.5360000000e-02 1.0099752090e-04 -5.7186140682e-03 9.8647249389e+00 
7.5840000000e-02 1.0184045489e-04 -7.1242661896e-03 9.7305527230e+00 
7.6320000000e-02 1.0266761365e-04 -8.5275847441e-03 9.5809612409e+00 
7.6800000000e-02 1.0344072541e-04 -9.9207884134e-03 9.4173624259e+00 
7.7280000000e-02 1.0396508431e-04 -1.1265841774e-02 9.2476407407e+00 
7.7760000000e-02 1.0422174787e-04 -1.2559103460e-02 9.0727495380e+00 
7.8240000000e-02 1.0420918380e-04 -1.3800575113e-02 8.8937010677e+00 
7.8720000000e-02 1.0395556799e-04 -1.4995696616e-02 8.7097939594e+00 
7.9200000000e-02 1.0366315687e-04 -1.6183219859e-02 8.5150194229e+00 
7.9680000000e-02 1.0331626559e-04 -1.7360105382e-02 8.3090463561e+00 
8.0160000000e-02 1.0233691580e-04 -1.8415255754e-02 8.1007207368e+00 
8.0640000000e-02 1.0060487978e-04 -1.9325558519e-02 7.8921431383e+00 
8.1120000000e-02 9.8676500244e-05 -2.0197909065e-02 7.6791259382e+00 
8.1600000000e-02 9.6745041565e-05 -2.1069318960e-02 7.4602338197e+00 
8.2080000000e-02 9.4680044943e-05 -2.1910979393e-02 7.2370430058e+00 
8.2560000000e-02 9.2417034288e-05 -2.2708636405e-02 7.0103241190e+00 
8.3040000000e-02 8.9722512760e-05 -2.3409486959e-02 6.7822440747e+00 
8.3520000000e-02 8.6450297232e-05 -2.3980472743e-02 6.5541638175e+00 
8.4000000000e-02 8.2911877939e-05 -2.4491771990e-02 6.3258825382e+00 
8.4480000000e-02 7.9372171814e-05 -2.5003070043e-02 6.0972294524e+00 
8.4960000000e-02 7.5784139107e-05 -2.5488026505e-02 5.8683509272e+00 
8.5440000000e-02 7.2092470317e-05 -2.5915670247e-02 5.6394190612e+00 
8.5920000000e-02 6.8297816860e-05 -2.6285950879e-02 5.4112303079e+00 
8.6400000000e-02 6.4401357232e-05 -2.6598867455e-02 5.1850520501e+00 
8.6880000000e-02 6.0436826078e-05 -2.6854677724e-02 4.9608935335e+00 
8.7360000000e-02 5.6475772338e-05 -2.7053928627e-02 4.7387398992e+00 
8.7840000000e-02 5.2536760579e-05 -2.7200407695e-02 4.5188147924e+00 
8.8320000000e-02 4.8665502729e-05 -2.7304732651e-02 4.3017495008e+00 
8.8800000000e-02 4.4883025856e-05 -2.7367466680e-02 4.0874305950e+00 
8.9280000000e-02 4.1258045344e-05 -2.7388324159e-02 3.8752886951e+00 
8.9760000000e-02 3.7777593214e-05 -2.7372340359e-02 3.6658762508e+00 
9.0240000000e-02 3.4341967637e-05 -2.7345337625e-02 3.4622891416e+00 
9.0720000000e-02 3.0961928145e-05 -2.7309167693e-02 3.2644594627e+00 
9.1200000000e-02 2.7813827106e-05 -2.7251199930e-02 3.0688075819e+00 
9.1680000000e-02 2.4919185686e-05 -2.7170150626e-02 2.8749292828e+00 
9.2160000000e-02 2.2141665051e-05 -2.7078475801e-02 2.6859327357e+00 
9.2640000000e-02 1.9454773281e-05 -2.6979477157e-02 2.5024528145e+00 
9.3120000000e-02 1.7020785605e-05 -2.6872970749e-02 2.3213038365e+00 
9.3600000000e-02 1.4891468387e-05 -2.6759034093e-02 2.1414505272e+00 
9.4080000000e-02 1.2887659718e-05 -2.6642043221e-02 1.9658269865e+00 
9.4560000000e-02 1.0927619046e-05 -2.6524142619e-02 1.7957748421e+00 
9.5040000000e-02 9.2215375546e-06 -2.6411740034e-02 1.6280841432e+00 
9.5520000000e-02 7.9011227921e-06 -2.6308852581e-02 1.4607416550e+00 
9.6000000000e-02 6.7576119420e-06 -2.6210338590e-02 1.2957829945e+00 
9.6480000000e-02 5.6134559212e-06 -2.6111825163e-02 1.1349394176e+00 
9.6960000000e-02 4.5560403256e-06 -2.6020080039e-02 9.7695116199e-01 
9.7440000000e-02 3.6881134365e-06 -2.5943060754e-02 8.2033699456e-01 
9.7920000000e-02 3.0090184801e-06 -2.5880779848e-02 6.6475247693e-01 
9.8400000000e-02 2.5174470242e-06 -2.5833236922e-02 5.0965311022e-01 
9.8880000000e-02 2.1541861570e-06 -2.5795813471e-02 3.5533159646e-01 
9.9360000000e-02 1.7936285632e-06 -2.5758709579e-02 2.0242382765e-01 
9.9840000000e-02 1.5191255278e-06 -2.5730541444e-02 5.0590687908e-02 
1.0032000000e-01 1.5769915926e-06 -2.5736478394e-02 -1.0118143451e-01 
1.0080000000e-01 1.9139695591e-06 -2.5771078378e-02 -2.5323373060e-01 
1.0128000000e-01 2.2740617589e-06 -2.5808182483e-02 -4.0661965861e-01 
1.0176000000e-01 2.6604700955e-06 -2.5847448526e-02 -5.6129978798e-01 
1.0224000000e-01 3.2145437934e-06 -2.5899905997e-02 -7.1655853837e-01 
1.0272000000e-01 3.9563834011e-06 -2.5967102785e-02 -8.7238931481e-01 
1.0320000000e-01 4.8878353386e-06 -2.6049036523e-02 -1.0294607152e+00 
1.0368000000e-01 5.9957908811e-06 -2.6144670562e-02 -1.1880967170e+00 
1.0416000000e-01 7.1395557811e-06 -2.6243182517e-02 -1.3503120020e+00 
1.0464000000e-01 8.2982394425e-06 -2.6342099309e-02 -1.5164820268e+00 
1.0512000000e-01 9.7464104897e-06 -2.6448152408e-02 -1.6839428020e+00 
1.0560000000e-01 1.1574023492e-05 -2.6563503429e-02 -1.8518628265e+00 
1.0608000000e-01 1.3550438544e-05 -2.6681157098e-02 -2.0237446657e+00 
1.0656000000e-01 1.5569075751e-05 -2.6797765317e-02 -2.2012045332e+00 
1.0704000000e-01 1.7794977790e-05 -2.6909321254e-02 -2.3815535285e+00 
1.0752000000e-01 2.0331626155e-05 -2.7013308014e-02 -2.5631063844e+00 
1.0800000000e-01 2.3055139273e-05 -2.7109861257e-02 -2.7482973449e+00 
1.0848000000e-01 2.5860158057e-05 -2.7199096362e-02 -2.9391966916e+00 
1.0896000000e-01 2.8830548459e-05 -2.7273229227e-02 -3.1338609012e+00 
1.0944000000e-01 3.2064920352e-05 -2.7323107282e-02 -3.3300047721e+00 
1.0992000000e-01 3.5473501181e-05 -2.7355176037e-02 -3.5294559760e+00 
1.1040000000e-01 3.8913135330e-05 -2.7379719120e-02 -3.7351297156e+00 
1.1088000000e-01 4.2426815050e-05 -2.7386052848e-02 -3.9457668502e+00 
1.1136000000e-01 4.6109659248e-05 -2.7351227934e-02 -4.1586163256e+00 
1.1184000000e-01 4.9936782120e-05 -2.7274593835e-02 -4.3737828153e+00 
1.1232000000e-01 5.3829346193e-05 -2.7156427852e-02 -4.5918140376e+00 
1.1280000000e-01 5.7773085954e-05 -2.6993812413e-02 -4.8125684993e+00 
1.1328000000e-01 6.1732207076e-05 -2.6775714677e-02 -5.0353902167e+00 
1.1376000000e-01 6.5686343599e-05 -2.6500957292e-02 -5.2602196521e+00 
1.1424000000e-01 6.9549097401e-05 -2.6168923006e-02 -5.4870734805e+00 
1.1472000000e-01 7.3308329577e-05 -2.5779525286e-02 -5.7157355928e+00 
1.1520000000e-01 7.6963961103e-05 -2.5332764937e-02 -5.9446497592e+00 
1.1568000000e-01 8.0523224096e-05 -2.4832675364e-02 -6.1734884595e+00 
1.1616000000e-01 8.4061815827e-05 -2.4321381622e-02 -6.4020176098e+00 
1.1664000000e-01 8.7575316607e-05 -2.3804558504e-02 -6.6301907729e+00 
1.1712000000e-01 9.0655863556e-05 -2.3190362261e-02 -6.8582707439e+00 
1.1760000000e-01 9.3166935253e-05 -2.2448065543e-02 -7.0862736555e+00 
1.1808000000e-01 9.5362382040e-05 -2.1635288960e-02 -7.3118350386e+00 
1.1856000000e-01 9.7363377067e-05 -2.0779526386e-02 -7.5338220483e+00 
1.1904000000e-01 9.9289940441e-05 -1.9907178542e-02 -7.7507901562e+00 
1.1952000000e-01 1.0121678538e-04 -1.9034699175e-02 -7.9618370468e+00 
1.2000000000e-01 1.0271844141e-04 -1.8080405789e-02 -8.1701626098e+00 
1.2048000000e-01 1.0343305345e-04 -1.6974828868e-02 -8.3784882946e+00 
1.2096000000e-01 1.0372203264e-04 -1.5787438530e-02 -8.5812827321e+00 
1.2144000000e-01 1.0401032742e-04 -1.4599917974e-02 -8.7720421196e+00 
1.2192000000e-01 1.0419638260e-04 -1.3392571645e-02 -8.9538301113e+00 
1.2240000000e-01 1.0411745133e-04 -1.2133838388e-02 -9.1315401893e+00 
1.2288000000e-01 1.0377063718e-04 -1.0823313497e-02 -9.3048111604e+00 
1.2336000000e-01 1.0315422155e-04 -9.4609968114e-03 -9.4727434940e+00 
1.2384000000e-01 1.0233633751e-04 -8.0598808547e-03 -9.6326144505e+00 
1.2432000000e-01 1.0150904718e-04 -6.6565605005e-03 -9.7768378264e+00 
1.2480000000e-01 1.0062055325e-04 -5.2425199470e-03 -9.9081023542e+00 
1.2528000000e-01 9.9432626638e-05 -3.7774569310e-03 -1.0038234721e+01 
1.2576000000e-01 9.7969841727e-05 -2.2655640820e-03 -1.0166709773e+01 
1.2624000000e-01 9.6473882650e-05 -7.4790808532e-04 -1.0285073293e+01 
1.2672000000e-01 9.4978590179e-05 7.6974670806e-04 -1.0390951899e+01 
1.2720000000e-01 9.3483360724e-05 2.2874019363e-03 -1.0475891910e+01 
1.2768000000e-01 9.1986539898e-05 3.8029573431e-03 -1.0539824715e+01 
1.2816000000e-01 9.0472084492e-05 5.2944735636e-03 -1.0599344230e+01 
1.2864000000e-01 8.8936235356e-05 6.7567510274e-03 -1.0658863722e+01 
1.2912000000e-01 8.7387425832e-05 8.2003446102e-03 -1.0718383035e+01 
1.2960000000e-01 8.5828840282e-05 9.6293258292e-03 -1.0777123261e+01 
1.3008000000e-01 8.4266306863e-05 1.1053626562e-02 -1.0811220292e+01 
1.3056000000e-01 8.2702881394e-05 1.2477588804e-02 -1.0809707859e+01 
1.3104000000e-01 8.1162675963e-05 1.3874794444e-02 -1.0794456442e+01 
1.3152000000e-01 7.9660871320e-05 1.5228609859e-02 -1.0779205190e+01 
1.3200000000e-01 7.8218248944e-05 1.6515628983e-02 -1.0763953939e+01 
1.3248000000e-01 7.6852483121e-05 1.7715945370e-02 -1.0748702551e+01 
1.3296000000e-01 7.5528552879e-05 1.8869372573e-02 -1.0722743413e+01 
1.3344000000e-01 7.4205280445e-05 2.0022723502e-02 -1.0673486478e+01 
1.3392000000e-01 7.2882013768e-05 2.1176073666e-02 -1.0605374643e+01 
1.3440000000e-01 7.1557820274e-05 2.2329423464e-02 -1.0525512496e+01 
1.3488000000e-01 7.0263877749e-05 2.3446085325e-02 -1.0436125191e+01 
1.3536000000e-01 6.9066367196e-05 2.4448212484e-02 -1.0341740972e+01 
1.3584000000e-01 6.7961150131e-05 2.5339593513e-02 -1.0242507592e+01 
1.3632000000e-01 6.6930486318e-05 2.6138055470e-02 -1.0138424950e+01 
1.3680000000e-01 6.5958871397e-05 2.6862609847e-02 -1.0027004278e+01 
1.3728000000e-01 6.4992024291e-05 2.7580704898e-02 -9.8988878388e+00 
1.3776000000e-01 6.4033258121e-05 2.8285241868e-02 -9.7554028555e+00 
1.3824000000e-01 6.3125980185e-05 2.8907074253e-02 -9.6078888412e+00 
1.3872000000e-01 6.2272204463e-05 2.9443079625e-02 -9.4570036376e+00 
1.3920000000e-01 6.1442871179e-05 2.9940160403e-02 -9.2960941720e+00 
1.3968000000e-01 6.0633854754e-05 3.0402813095e-02 -9.1244747429e+00 
1.4016000000e-01 5.9861571281e-05 3.0781959499e-02 -8.9486070263e+00 
1.4064000000e-01 5.9128890622e-05 3.1068085003e-02 -8.7699024933e+00 
1.4112000000e-01 5.8410958889e-05 3.1319965423e-02 -8.5832601898e+00 
1.4160000000e-01 5.7699289323e-05 3.1556531345e-02 -8.3870558166e+00 
1.4208000000e-01 5.7004216423e-05 3.1718433269e-02 -8.1870107040e+00 
1.4256000000e-01 5.6330414257e-05 3.1778383912e-02 -7.9857860886e+00 
1.4304000000e-01 5.5662566188e-05 3.1789650246e-02 -7.7806435015e+00 
1.4352000000e-01 5.4991047510e-05 3.1785641995e-02 -7.5698670927e+00 
1.4400000000e-01 5.4314170782e-05 3.1733479249e-02 -7.3562371749e+00 
1.4448000000e-01 5.3630500862e-05 3.1605198227e-02 -7.1421183553e+00 
1.4496000000e-01 5.2936972204e-05 3.1423903905e-02 -6.9270615564e+00 
1.4544000000e-01 5.2229980331e-05 3.1216763189e-02 -6.7105387513e+00 
1.4592000000e-01 5.1505016661e-05 3.0973942257e-02 -6.4934377327e+00 
1.4640000000e-01 5.0754913496e-05 3.0679717741e-02 -6.2771730728e+00 
1.4688000000e-01 4.9978293721e-05 3.0338842128e-02 -6.0618699928e+00 
1.4736000000e-01 4.9172430245e-05 2.9961827371e-02 -5.8477557158e+00 
1.4784000000e-01 4.8337265301e-05 2.9549017065e-02 -5.6350550409e+00 
1.4832000000e-01 4.7472886879e-05 2.9100412659e-02 -5.4243802518e+00 
1.4880000000e-01 4.6584898346e-05 2.8623005314e-02 -5.2165739445e+00 
1.4928000000e-01 4.5694348453e-05 2.8143081464e-02 -5.0146656962e+00 
1.4976000000e-01 4.4793953257e-05 2.7656536636e-02 -4.8180377559e+00 
1.5024000000e-01 4.3836281093e-05 2.7129598486e-02 -4.6220597206e+00 
1.5072000000e-01 4.2821378181e-05 2.6562267007e-02 -4.4270703188e+00 
1.5120000000e-01 4.1797005461e-05 2.5988314480e-02 -4.2401130447e+00 
1.5168000000e-01 4.0770494145e-05 2.5413266351e-02 -4.0619644007e+00 
1.5216000000e-01 3.9720614956e-05 2.4825677560e-02 -3.8863116116e+00 
1.5264000000e-01 3.8642639553e-05 2.4223041059e-02 -3.7118138722e+00 
1.5312000000e-01 3.7551813708e-05 2.3614275104e-02 -3.5440881882e+00 
1.5360000000e-01 3.6453648419e-05 2.3002614334e-02 -3.3849984975e+00 
1.5408000000e-01 3.5351152057e-05 2.2390152343e-02 -3.2305522226e+00 
1.5456000000e-01 3.4245746649e-05 2.1777875015e-02 -3.0789004294e+00 
1.5504000000e-01 3.3137762950e-05 2.1165721014e-02 -2.9325925770e+00 
1.5552000000e-01 3.2027424083e-05 2.0553657948e-02 -2.7932282269e+00 
1.5600000000e-01 3.0924270177e-05 1.9945502296e-02 -2.6595498817e+00 
1.5648000000e-01 2.9836414948e-05 1.9344499907e-02 -2.5304880619e+00 
1.5696000000e-01 2.8761067967e-05 1.8750388565e-02 -2.4061013358e+00 
1.5744000000e-01 2.7694948241e-05 1.8162859954e-02 -2.2864585680e+00 
1.5792000000e-01 2.6641659195e-05 1.7582457233e-02 -2.1720457270e+00 
1.5840000000e-01 2.5606945294e-05 1.7010045815e-02 -2.0636362192e+00 
1.5888000000e-01 2.4593179500e-05 1.6447566477e-02 -1.9601934157e+00 
1.5936000000e-01 2.3605240691e-05 1.5899113786e-02 -1.8594966710e+00 
1.5984000000e-01 2.2639757409e-05 1.5362608039e-02 -1.7625164629e+00 
1.6032000000e-01 2.1686785078e-05 1.4831815139e-02 -1.6721903826e+00 
1.6080000000e-01 2.0752337885e-05 1.4309448530e-02 -1.5875533151e+00 
1.6128000000e-01 1.9861280024e-05 1.3807121776e-02 -1.5043115363e+00 
1.6176000000e-01 1.9009712351e-05 1.3323014062e-02 -1.4229526834e+00 
1.6224000000e-01 1.8165604388e-05 1.2842166608e-02 -1.3480608547e+00 
1.6272000000e-01 1.7329850734e-05 1.2365158174e-02 -1.2795326782e+00 
1.6320000000e-01 1.6540854955e-05 1.1911070604e-02 -1.2120476384e+00 
1.6368000000e-01 1.5802405160e-05 1.1481770327e-02 -1.1450166711e+00 
1.6416000000e-01 1.5075427371e-05 1.1057677391e-02 -1.0831821093e+00 
1.6464000000e-01 1.4351673413e-05 1.0634603272e-02 -1.0275414255e+00 
1.6512000000e-01 1.3666757320e-05 1.0229474377e-02 -9.7371253624e-01 
1.6560000000e-01 1.3032348952e-05 9.8478499115e-03 -9.2022916581e-01 
1.6608000000e-01 1.2418591648e-05 9.4759329523e-03 -8.6983437099e-01 
1.6656000000e-01 1.1811643850e-05 9.1073390598e-03 -8.2379511094e-01 
1.6704000000e-01 1.1229388993e-05 8.7512540229e-03 -7.8010000670e-01 
1.6752000000e-01 1.0683044182e-05 8.4134386348e-03 -7.3748700509e-01 
1.6800000000e-01 1.0161813055e-05 8.0878180834e-03 -6.9689247664e-01 
1.6848000000e-01 9.6565134965e-06 7.7692258482e-03 -6.5911278794e-01 
1.6896000000e-01 9.1710332184e-06 7.4603354582e-03 -6.2357475391e-01 
1.6944000000e-01 8.7099434057e-06 7.1642904576e-03 -5.8960442162e-01 
1.6992000000e-01 8.2717851859e-06 6.8800011851e-03 -5.5724384170e-01 
1.7040000000e-01 7.8542245731e-06 6.6057250330e-03 -5.2656167672e-01 
1.7088000000e-01 7.4553979412e-06 6.3408532241e-03 -4.9759645983e-01 
1.7136000000e-01 7.0714143849e-06 6.0841414091e-03 -4.7042808597e-01 
1.7184000000e-01 6.7041695187e-06 5.8365309182e-03 -4.4482988829e-01 
1.7232000000e-01 6.3593602228e-06 5.6007874986e-03 -4.2015609050e-01 
1.7280000000e-01 6.0345652255e-06 5.3755579637e-03 -3.9655733503e-01 
1.7328000000e-01 5.7193911191e-06 5.1551283353e-03 -3.7474620180e-01 
1.7376000000e-01 5.4147822202e-06 4.9402691230e-03 -3.5457013376e-01 
1.7424000000e-01 5.1306307710e-06 4.7377008297e-03 -3.3490300793e-01 
1.7472000000e-01 4.8664189757e-06 4.5471080775e-03 -3.1573870822e-01 
1.7520000000e-01 4.6085658327e-06 4.3595236223e-03 -2.9815978675e-01 
1.7568000000e-01 4.3557895791e-06 4.1740673181e-03 -2.8225251249e-01 
1.7616000000e-01 4.1225126285e-06 3.9999086892e-03 -2.6670118274e-01 
1.7664000000e-01 3.9115725359e-06 3.8389021478e-03 -2.5122669821e-01 
1.7712000000e-01 3.7063870678e-06 3.6813413073e-03 -2.3700556480e-01 
1.7760000000e-01 3.5014778830e-06 3.5240350478e-03 -2.2441922123e-01 
1.7808000000e-01 3.3093756055e-06 3.3747967270e-03 -2.1235653109e-01 
1.7856000000e-01 3.1358520570e-06 3.2372243993e-03 -2.0030244435e-01 
1.7904000000e-01 2.9704862052e-06 3.1047489356e-03 -1.8892820151e-01 
1.7952000000e-01 2.8067417961e-06 2.9732498423e-03 -1.7865470002e-01 
1.8000000000e-01 2.6510203677e-06 2.8466254789e-03 -1.6899722102e-01 
1.8048000000e-01 2.5087663150e-06 2.7281913313e-03 -1.5954351968e-01 
1.8096000000e-01 2.3752638929e-06 2.6153478097e-03 -1.5051852312e-01 
1.8144000000e-01 2.2449683121e-06 2.5050383073e-03 -1.4218670142e-01 
1.8192000000e-01 2.1192637103e-06 2.3983676445e-03 -1.3440552965e-01 
1.8240000000e-01 2.0003675993e-06 2.2971023373e-03 -1.2694745457e-01 
1.8288000000e-01 1.8882401103e-06 2.2006775810e-03 -1.1983842689e-01 
1.8336000000e-01 1.7827363223e-06 2.1078468707e-03 -1.1313970130e-01 
1.8384000000e-01 1.6832965382e-06 2.0185140421e-03 -1.0684363006e-01 
1.8432000000e-01 1.5883576320e-06 1.9325228243e-03 -1.0092304161e-01 
1.8480000000e-01 1.4980044508e-06 1.8500251797e-03 -9.5346663189e-02 
1.8528000000e-01 1.4129098158e-06 1.7716278568e-03 -9.0003059249e-02 
1.8576000000e-01 1.3328518291e-06 1.6970390941e-03 -8.4905725720e-02 
1.8624000000e-01 1.2563701047e-06 1.6244744263e-03 -8.0177919886e-02 
1.8672000000e-01 1.1834375286e-06 1.5539647356e-03 -7.5806462304e-02 
1.8720000000e-01 1.1153213277e-06 1.4875144909e-03 -7.1574205773e-02 
1.8768000000e-01 1.0519529619e-06 1.4252381679e-03 -6.7458126002e-02 
1.8816000000e-01 9.9002167467e-07 1.3642268674e-03 -6.3662397792e-02 
1.8864000000e-01 9.2881732262e-07 1.3038319400e-03 -6.0230250441e-02 
1.8912000000e-01 8.7117024649e-07 1.2461298182e-03 -5.6977744702e-02 
1.8960000000e-01 8.1812007341e-07 1.1918569054e-03 -5.3839023312e-02 
1.9008000000e-01 7.7073159994e-07 1.1409884881e-03 -5.0797171363e-02 
1.9056000000e-01 7.2944459538e-07 1.0934864097e-03 -4.7845853940e-02 
1.9104000000e-01 6.8941936570e-07 1.0472829198e-03 -4.5112736033e-02 
1.9152000000e-01 6.4762092871e-07 1.0010821632e-03 -4.2677760190e-02 
1.9200000000e-01 6.0736977758e-07 9.5682254187e-04 -4.0380912615e-02 
1.9248000000e-01 5.7148993302e-07 9.1615263234e-04 -3.8086104403e-02 
1.9296000000e-01 5.3808339831e-07 8.7744608248e-04 -3.5898811646e-02 
1.9344000000e-01 5.0491850246e-07 8.3879062190e-04 -3.3943053488e-02 
1.9392000000e-01 4.7346161131e-07 8.0129517369e-04 -3.2132162943e-02 
1.9440000000e-01 4.4605265124e-07 7.6672985628e-04 -3.0327862925e-02 
1.9488000000e-01 4.2110387459e-07 7.3421793161e-04 -2.8583274958e-02 
1.9536000000e-01 3.9518261103e-07 7.0185090985e-04 -2.7014878374e-02 
1.9584000000e-01 3.6975078783e-07 6.7029408335e-04 -2.5582907288e-02 
1.9632000000e-01 3.4924163372e-07 6.4159676009e-04 -2.4164649286e-02 
1.9680000000e-01 3.3266125063e-07 6.1532438960e-04 -2.2770575718e-02 
1.9728000000e-01 3.1526916905e-07 5.8937922370e-04 -2.1467833474e-02 
1.9776000000e-01 2.9676102424e-07 5.6354484596e-04 -2.0263755099e-02 
1.9824000000e-01 2.7789940584e-07 5.3774184942e-04 -1.9162949418e-02 
1.9872000000e-01 2.5905852166e-07 5.1215330319e-04 -1.8158087274e-02 
1.9920000000e-01 2.4214162622e-07 4.8816279239e-04 -1.7192347170e-02 
1.9968000000e-01 2.2784407220e-07 4.6664884688e-04 -1.6284152749e-02 
2.0016000000e-01 0.0000000000e+00 0.0000000000e+00 0.0000000000e+00 
2.0064000000e-01 0.0000000000e+00 0.0000000000e+00 0.0000000000e+00 
2.0112000000e-01 0.0000000000e+00 0.0000000000e+00 0.0000000000e+00 
2.0160000000e-01 0.0000000000e+00 0.0000000000e+00 0.0000000000e+00 
2.0208000000e-01 0.0000000000e+00 0.0000000000e+00 0.0000000000e+00 
2.0256000000e-01 0.0000000000e+00 0.0000000000e+00 0.0000000000e+00 
2.0304000000e-01 0.0000000000e+00 0.0000000000e+00 0.0000000000e+00 
2.0352000000e-01 0.0000000000e+00 0.0000000000e+00 0.0000000000e+00 
2.0400000000e-01 0.0000000000e+00 0.0000000000e+00 0.0000000000e+00 
2.0448000000e-01 0.0000000000e+00 0.0000000000e+00 0.0000000000e+00 
2.0496000000e-01 0.0000000000e+00 0.0000000000e+00 0.0000000000e+00 
2.0544000000e-01 0.0000000000e+00 0.0000000000e+00 0.0000000000e+00 
2.0592000000e-01 0.0000000000e+00 0.0000000000e+00 0.0000000000e+00 
2.0640000000e-01 0.0000000000e+00 0.0000000000e+00 0.0000000000e+00 
2.0688000000e-01 0.0000000000e+00 0.0000000000e+00 0.0000000000e+00 
2.0736000000e-01 0.0000000000e+00 0.0000000000e+00 0.0000000000e+00 
2.0784000000e-01 0.0000000000e+00 0.0000000000e+00 0.0000000000e+00 
2.0832000000e-01 0.0000000000e+00 0.0000000000e+00 0.0000000000e+00 
2.0880000000e-01 0.0000000000e+00 0.0000000000e+00 0.0000000000e+00 
2.0928000000e-01 0.0000000000e+00 0.0000000000e+00 0.0000000000e+00 
2.0976000000e-01 0.0000000000e+00 0.0000000000e+00 0.0000000000e+00 
2.1024000000e-01 0.0000000000e+00 0.0000000000e+00 0.0000000000e+00 
2.1072000000e-01 0.0000000000e+00 0.0000000000e+00 0.0000000000e+00 
2.1120000000e-01 0.0000000000e+00 0.0000000000e+00 0.0000000000e+00 
2.1168000000e-01 0.0000000000e+00 0.0000000000e+00 0.0000000000e+00 
2.1216000000e-01 0.0000000000e+00 0.0000000000e+00 0.0000000000e+00 
2.1264000000e-01 0.0000000000e+00 0.0000000000e+00 0.0000000000e+00 
2.1312000000e-01 0.0000000000e+00 0.0000000000e+00 0.0000000000e+00 
2.1360000000e-01 0.0000000000e+00 0.0000000000e+00 0.0000000000e+00 
2.1408000000e-01 0.0000000000e+00 0.0000000000e+00 0.0000000000e+00 
2.1456000000e-01 0.0000000000e+00 0.0000000000e+00 0.0000000000e+00 
2.1504000000e-01 0.0000000000e+00 0.0000000000e+00 0.0000000000e+00 
2.1552000000e-01 0.0000000000e+00 0.0000000000e+00 0.0000000000e+00 
2.1600000000e-01 0.0000000000e+00 0.0000000000e+00 0.0000000000e+00 
2.1648000000e-01 0.0000000000e+00 0.0000000000e+00 0.0000000000e+00 
2.1696000000e-01 0.0000000000e+00 0.0000000000e+00 0.0000000000e+00 
2.1744000000e-01 0.0000000000e+00 0.0000000000e+00 0.0000000000e+00 
2.1792000000e-01 0.0000000000e+00 0.0000000000e+00 0.0000000000e+00 
2.1840000000e-01 0.0000000000e+00 0.0000000000e+00 0.0000000000e+00 
2.1888000000e-01 0.0000000000e+00 0.0000000000e+00 0.0000000000e+00 
2.1936000000e-01 0.0000000000e+00 0.0000000000e+00 0.0000000000e+00 
2.1984000000e-01 0.0000000000e+00 0.0000000000e+00 0.0000000000e+00 
2.2032000000e-01 0.0000000000e+00 0.0000000000e+00 0.0000000000e+00 
2.2080000000e-01 0.0000000000e+00 0.0000000000e+00 0.0000000000e+00 
2.2128000000e-01 0.0000000000e+00 0.0000000000e+00 0.0000000000e+00 
2.2176000000e-01 0.0000000000e+00 0.0000000000e+00 0.0000000000e+00 
2.2224000000e-01 0.0000000000e+00 0.0000000000e+00 0.0000000000e+00 
2.2272000000e-01 0.0000000000e+00 0.0000000000e+00 0.0000000000e+00 
2.2320000000e-01 0.0000000000e+00 0.0000000000e+00 0.0000000000e+00 
2.2368000000e-01 0.0000000000e+00 0.0000000000e+00 0.0000000000e+00 
2.2416000000e-01 0.0000000000e+00 0.0000000000e+00 0.0000000000e+00 
2.2464000000e-01 0.0000000000e+00 0.0000000000e+00 0.0000000000e+00 
2.2512000000e-01 0.0000000000e+00 0.0000000000e+00 0.0000000000e+00 
2.2560000000e-01 0.0000000000e+00 0.0000000000e+00 0.0000000000e+00 
2.2608000000e-01 0.0000000000e+00 0.0000000000e+00 0.0000000000e+00 
2.2656000000e-01 0.0000000000e+00 0.0000000000e+00 0.0000000000e+00 
2.2704000000e-01 0.0000000000e+00 0.0000000000e+00 0.0000000000e+00 
2.2752000000e-01 0.0000000000e+00 0.0000000000e+00 0.0000000000e+00 
2.2800000000e-01 0.0000000000e+00 0.0000000000e+00 0.0000000000e+00 
2.2848000000e-01 0.0000000000e+00 0.0000000000e+00 0.0000000000e+00 
2.2896000000e-01 0.0000000000e+00 0.0000000000e+00 0.0000000000e+00 
2.2944000000e-01 0.0000000000e+00 0.0000000000e+00 0.0000000000e+00 
2.2992000000e-01 0.0000000000e+00 0.0000000000e+00 0.0000000000e+00 
2.3040000000e-01 0.0000000000e+00 0.0000000000e+00 0.0000000000e+00 
2.3088000000e-01 0.0000000000e+00 0.0000000000e+00 0.0000000000e+00 
2.3136000000e-01 0.0000000000e+00 0.0000000000e+00 0.0000000000e+00 
2.3184000000e-01 0.0000000000e+00 0.0000000000e+00 0.0000000000e+00 
2.3232000000e-01 0.0000000000e+00 0.0000000000e+00 0.0000000000e+00 
2.3280000000e-01 0.0000000000e+00 0.0000000000e+00 0.0000000000e+00 
2.3328000000e-01 0.0000000000e+00 0.0000000000e+00 0.0000000000e+00 
2.3376000000e-01 0.0000000000e+00 0.0000000000e+00 0.0000000000e+00 
2.3424000000e-01 0.0000000000e+00 0.0000000000e+00 0.0000000000e+00 
2.3472000000e-01 0.0000000000e+00 0.0000000000e+00 0.0000000000e+00 
2.3520000000e-01 0.0000000000e+00 0.0000000000e+00 0.0000000000e+00 
2.3568000000e-01 0.0000000000e+00 0.0000000000e+00 0.0000000000e+00 
2.3616000000e-01 0.0000000000e+00 0.0000000000e+00 0.0000000000e+00 
2.3664000000e-01 0.0000000000e+00 0.0000000000e+00 0.0000000000e+00 
2.3712000000e-01 0.0000000000e+00 0.0000000000e+00 0.0000000000e+00 
2.3760000000e-01 0.0000000000e+00 0.0000000000e+00 0.0000000000e+00 
2.3808000000e-01 0.0000000000e+00 0.0000000000e+00 0.0000000000e+00 
2.3856000000e-01 0.0000000000e+00 0.0000000000e+00 0.0000000000e+00 
2.3904000000e-01 0.0000000000e+00 0.0000000000e+00 0.0000000000e+00 
2.3952000000e-01 0.0000000000e+00 0.0000000000e+00 0.0000000000e+00 
