0.0000000000e+00 0.0000000000e+00 0.0000000000e+00 -8.0516862858e-02 
4.2000000000e-04 -2.0679515314e-25 0.0000000000e+00 -8.1007939580e-02 
8.4000000000e-04 8.2718061255e-25 -1.4475660720e-24 -8.1785983428e-02 
1.2600000000e-03 -7.0310352067e-24 0.0000000000e+00 -8.2843948690e-02 
1.6800000000e-03 9.0472879498e-25 -1.6285118310e-24 -8.4102260893e-02 
2.1000000000e-03 -2.4815418377e-24 -4.1359030628e-25 -8.4917067373e-02 
2.5200000000e-03 7.0144754386e-24 3.5870073340e-24 -8.5148829998e-02 
2.9400000000e-03 7.2378303598e-24 -1.0339757657e-24 -8.5557654072e-02 
3.3600000000e-03 1.6543612251e-23 -1.4889251026e-23 -8.6775643799e-02 
3.7800000000e-03 1.8197973476e-23 -8.8921915849e-24 -8.8649148045e-02 
4.2000000000e-03 5.7902642879e-24 7.4446255130e-24 -9.0678800629e-02 
4.6200000000e-03 3.7740115448e-24 4.7821379163e-24 -9.2834038372e-02 
5.0400000000e-03 -2.4815418377e-24 -9.0989867381e-24 -9.5250266969e-02 
5.4600000000e-03 1.6543612251e-24 -1.4889251026e-23 -9.7976546452e-02 
5.8800000000e-03 -1.6543612251e-24 -1.4889251026e-23 -1.0097661826e-01 
6.3000000000e-03 -1.3234889801e-23 1.4889251026e-23 -1.0419855531e-01 
6.7200000000e-03 3.8050308177e-23 1.1994118882e-23 -1.0764741127e-01 
7.1400000000e-03 -1.6543612251e-24 3.3087224502e-24 -1.1135298802e-01 
7.5600000000e-03 -9.9778661389e-24 -9.9907908360e-24 -1.1532086039e-01 
7.9800000000e-03 -4.9630836753e-24 -4.9630836753e-24 -1.1961606791e-01 
8.4000000000e-03 -2.9778502052e-23 -9.9261673506e-24 -1.2427699455e-01 
8.8200000000e-03 6.4520087779e-23 -9.9261673506e-24 -1.2925284591e-01 
9.2400000000e-03 -1.3234889801e-23 1.3234889801e-23 -1.3442437417e-01 
9.6600000000e-03 2.0679515314e-25 -1.2717901918e-23 -1.3981429632e-01 
1.0080000000e-02 -7.2791893905e-23 1.1580528576e-23 -1.4570327844e-01 
1.0500000000e-02 6.6174449005e-23 -2.6469779601e-23 -1.5216440614e-01 
1.0920000000e-02 -4.5494933690e-23 1.6543612251e-23 -1.5895106205e-01 
1.1340000000e-02 -1.6543612251e-23 6.6174449004e-24 -1.6581662878e-01 
1.1760000000e-02 4.0531850015e-23 7.8582158193e-24 -1.7291230999e-01 
1.2180000000e-02 4.3013391853e-23 2.3161057151e-23 -1.8081876341e-01 
1.2600000000e-02 4.8183270681e-23 -2.4815418377e-24 -1.8956864543e-01 
1.3020000000e-02 1.4889251026e-23 -1.6543612251e-23 -1.9857047148e-01 
1.3440000000e-02 -6.6174449004e-24 5.2939559203e-23 -2.0757229474e-01 
1.3860000000e-02 1.6543612251e-24 -1.4062070413e-23 -2.1696718997e-01 
1.4280000000e-02 1.2573145311e-22 -5.9557004104e-23 -2.2742120048e-01 
1.4700000000e-02 1.1580528576e-23 1.4062070413e-23 -2.3885148449e-01 
1.5120000000e-02 1.9852334701e-22 -2.3161057151e-23 -2.5063828478e-01 
1.5540000000e-02 5.1621240102e-23 1.6970127254e-23 -2.6267046610e-01 
1.5960000000e-02 -1.1580528576e-23 -4.1359030628e-23 -2.7524724517e-01 
1.6380000000e-02 1.1911400821e-22 5.9557004104e-23 -2.8857755278e-01 
1.6800000000e-02 1.4558378781e-22 -1.0753347963e-23 -3.0270921738e-01 
1.7220000000e-02 -1.4558378781e-22 4.6322114303e-23 -3.1777424545e-01 
1.7640000000e-02 3.7016332412e-23 -3.7429922718e-23 -3.3373705659e-01 
1.8060000000e-02 1.3234889801e-23 3.3087224502e-23 -3.5003562239e-01 
1.8480000000e-02 3.9704669403e-23 0.0000000000e+00 -3.6649701102e-01 
1.8900000000e-02 2.3822801642e-22 -8.6026783706e-23 -3.8396508850e-01 
1.9320000000e-02 3.9704669403e-23 3.9704669403e-23 -4.0345460373e-01 
1.9740000000e-02 -1.0422475718e-22 2.8124140827e-23 -4.2463729144e-01 
2.0160000000e-02 2.0514079191e-22 -1.0587911841e-22 -4.4600581604e-01 
2.0580000000e-02 1.9707578094e-22 -1.9014814331e-22 -4.6741019205e-01 
2.1000000000e-02 -8.6026783706e-23 -1.3234889801e-23 -4.9014327582e-01 
2.1420000000e-02 1.9852334701e-22 1.1911400821e-22 -5.1485261583e-01 
2.1840000000e-02 -3.3748968992e-22 7.6100616355e-23 -5.4116259196e-01 
2.2260000000e-02 -6.6174449004e-23 -5.2939559203e-23 -5.6832326368e-01 
2.2680000000e-02 -3.6974973381e-22 1.0836066024e-22 -5.9634698639e-01 
2.3100000000e-02 -4.6322114303e-23 -1.3234889801e-23 -6.2550265126e-01 
2.3520000000e-02 2.2682843360e-22 1.4243016172e-23 -6.5585053491e-01 
2.3940000000e-02 -4.6322114303e-23 2.6469779602e-23 -6.8803593224e-01 
2.4360000000e-02 -2.1175823681e-22 -1.0587911841e-22 -7.2259547101e-01 
2.4780000000e-02 -3.1598299400e-22 2.2003004294e-22 -7.5900156234e-01 
2.5200000000e-02 2.6469779602e-23 -1.0587911841e-22 -7.9553954234e-01 
2.5620000000e-02 2.1341259804e-22 -9.2644228606e-23 -8.3225287122e-01 
2.6040000000e-02 1.7205356741e-22 1.5881867761e-22 -8.7216646423e-01 
2.6460000000e-02 -1.8528845721e-22 -2.6469779602e-23 -9.1637630518e-01 
2.6880000000e-02 3.6395946952e-22 1.1249656331e-22 -9.6318992765e-01 
2.7300000000e-02 -4.4998625323e-22 -2.1175823681e-22 -1.0101834947e+00 
2.7720000000e-02 -6.2865726554e-23 1.9852334701e-23 -1.0577596436e+00 
2.8140000000e-02 4.1028158383e-22 1.3234889801e-22 -1.1082203501e+00 
2.8560000000e-02 -6.3692907167e-23 -2.5497842382e-22 -1.1619034654e+00 
2.8980000000e-02 -6.6174449004e-22 5.2939559203e-23 -1.2181742715e+00 
2.9400000000e-02 -5.2939559203e-23 -7.9409338805e-23 -1.2766581806e+00 
2.9820000000e-02 -7.4777127375e-22 -1.9190590211e-22 -1.3371304484e+00 
3.0240000000e-02 2.9116757562e-22 2.6469779602e-23 -1.3990634523e+00 
3.0660000000e-02 2.5477162867e-22 9.0989867381e-23 -1.4626937528e+00 
3.1080000000e-02 7.9409338805e-23 2.6469779602e-22 -1.5306427857e+00 
3.1500000000e-02 1.5881867775e-22 -4.2351647349e-22 -1.6035931744e+00 
3.1920000000e-02 3.3087224502e-22 2.5146290622e-22 -1.6790442496e+00 
3.2340000000e-02 -5.2939559203e-23 1.5881867761e-22 -1.7544953418e+00 
3.2760000000e-02 -1.0587911841e-22 2.4153673887e-22 -1.8311362525e+00 
3.3180000000e-02 1.8528845721e-22 -2.6469779602e-22 -1.9135361001e+00 
3.3600000000e-02 -6.8655990842e-23 -3.4907021850e-22 -2.0019997367e+00 
3.4020000000e-02 -5.2939559203e-22 -1.0587911841e-22 -2.0930239670e+00 
3.4440000000e-02 3.1763735522e-22 -5.2939559203e-23 -2.1851165815e+00 
3.4860000000e-02 -3.0440246542e-22 -2.3822801642e-22 -2.2793861380e+00 
3.5280000000e-02 2.6469779602e-22 6.3527471044e-22 -2.3777110263e+00 
3.5700000000e-02 1.8528845721e-22 -2.1506695926e-22 -2.4800010338e+00 
3.6120000000e-02 -1.2970192005e-21 4.7645603283e-22 -2.5854563125e+00 
3.6540000000e-02 1.3708450702e-21 -5.1884903922e-22 -2.6939324395e+00 
3.6960000000e-02 1.9852334701e-21 -5.2939559203e-23 -2.8056871596e+00 
3.7380000000e-02 1.3764285393e-21 -5.2939559203e-23 -2.9209004454e+00 
3.7800000000e-02 -1.2970192005e-21 8.6026783706e-23 -3.0394146199e+00 
3.8220000000e-02 1.0058516249e-21 -1.3234889801e-21 -3.1607944945e+00 
3.8640000000e-02 -9.1155303503e-22 5.0788889611e-22 -3.2850184324e+00 
3.9060000000e-02 4.4998625323e-22 0.0000000000e+00 -3.4121331210e+00 
3.9480000000e-02 -1.0587911841e-22 5.2939559203e-22 -3.5421529258e+00 
3.9900000000e-02 -1.0058516249e-21 2.6469779602e-23 -3.6749847800e+00 
4.0320000000e-02 1.2705494209e-21 0.0000000000e+00 -3.8105167709e+00 
4.0740000000e-02 -8.0732827785e-22 2.8455013072e-22 -3.9487010977e+00 
4.1160000000e-02 2.1175823681e-22 5.2939559203e-23 -4.0893207303e+00 
4.1580000000e-02 -2.2623389753e-21 3.9208361035e-22 -4.2323427291e+00 
4.2000000000e-02 -3.9704669403e-22 3.7057691442e-22 -4.3775441349e+00 
4.2420000000e-02 -3.1763735522e-22 -8.4703294725e-22 -4.5248132749e+00 
4.2840000000e-02 -6.6174449004e-22 5.1616070223e-22 -4.6740206873e+00 
4.3260000000e-02 -1.0587911841e-22 5.2939559203e-23 -4.8249078966e+00 
4.3680000000e-02 -4.0697286138e-22 -2.2830184906e-22 -4.9774271933e+00 
4.4100000000e-02 3.1763735522e-22 6.8821426964e-22 -5.1312497371e+00 
4.4520000000e-02 -1.8876261578e-21 8.3777886415e-22 -5.2863029269e+00 
4.4940000000e-02 -1.0587911841e-22 -9.5291206566e-22 -5.4423335335e+00 
4.5360000000e-02 6.3527471044e-22 -4.2351647363e-22 -5.5991309713e+00 
4.5780000000e-02 3.6395946952e-22 1.1514354127e-21 -5.7565484228e+00 
4.6200000000e-02 8.9997250646e-22 -4.7645603283e-22 -5.9141087306e+00 
4.6620000000e-02 6.1045929206e-22 1.7205356741e-22 -6.0717544540e+00 
4.7040000000e-02 -3.1763735522e-22 -2.9116757562e-22 -6.2291278926e+00 
4.7460000000e-02 -3.1763735522e-22 0.0000000000e+00 -6.3860994447e+00 
4.7880000000e-02 1.0984958535e-21 -6.6174449004e-23 -6.5424654148e+00 
4.8300000000e-02 8.9997250646e-22 -5.2939559203e-22 -6.6979340839e+00 
4.8720000000e-02 -7.5438871865e-22 -5.2277814713e-22 -6.8524378709e+00 
4.9140000000e-02 -1.1646703025e-21 6.8821426964e-22 -7.0056199224e+00 
4.9560000000e-02 4.0118259709e-22 -2.5187649652e-22 -7.1574217782e+00 
4.9980000000e-02 1.0852609637e-21 -1.3234889801e-22 -7.3075705815e+00 
5.0400000000e-02 -2.1175823681e-22 -1.0587911841e-22 -7.4559053017e+00 
5.0820000000e-02 -2.0381730293e-21 1.5881867761e-22 -7.6023158117e+00 
5.1240000000e-02 -2.6469779602e-22 0.0000000000e+00 -7.7465435705e+00 
5.1660000000e-02 -4.4998625323e-22 1.4889251026e-23 -7.8885520736e+00 
5.2080000000e-02 2.3822801642e-22 0.0000000000e+00 -8.0280802000e+00 
5.2500000000e-02 -1.0587911841e-22 3.1763735522e-22 -8.1650599539e+00 
5.2920000000e-02 -1.1117307433e-21 -2.6469779602e-23 -8.2992619719e+00 
5.3340000000e-02 9.5291206566e-22 4.2351647363e-22 -8.4304568907e+00 
5.3760000000e-02 4.5660369813e-22 -1.7867101231e-22 -8.5585260603e+00 
5.4180000000e-02 -5.2939559203e-22 -6.3527471044e-22 -8.6830138364e+00 
5.4600000000e-02 -1.8131799027e-21 6.8655990842e-23 -8.8038807905e+00 
5.5020000000e-02 -9.5291206566e-22 3.9704669403e-22 -8.9212592360e+00 
5.5440000000e-02 -9.5291206566e-22 -4.7645603283e-22 -9.0352055329e+00 
5.5860000000e-02 7.8085849825e-22 1.3234889801e-22 -9.1456597679e+00 
5.6280000000e-02 3.7057691442e-22 2.1175823681e-22 -9.2525204213e+00 
5.6700000000e-02 -4.9961708998e-22 -3.3087224502e-24 -9.3557708025e+00 
5.7120000000e-02 -2.1175823681e-22 1.8528845721e-22 -9.4553115875e+00 
5.7540000000e-02 -4.6518569698e-22 4.6642646790e-22 -9.5511241166e+00 
5.7960000000e-02 9.2644228606e-23 4.6322114303e-22 -9.6431466292e+00 
5.8380000000e-02 -3.1763735522e-22 -3.7057691442e-22 -9.7313360003e+00 
5.8800000000e-02 2.5146290622e-22 -3.3087224502e-23 -9.8156709573e+00 
5.9220000000e-02 9.7938184526e-22 7.9409338805e-23 -9.8960927878e+00 
5.9640000000e-02 -4.1441748689e-22 -6.6174449004e-23 -9.9725944878e+00 
6.0060000000e-02 7.2791893905e-22 -1.1911400821e-22 -1.0045129250e+01 
6.0480000000e-02 -5.2939559203e-22 4.7645603283e-22 -1.0113682672e+01 
6.0900000000e-02 -7.2791893905e-23 -3.3087224502e-23 -1.0177978556e+01 
6.1320000000e-02 -3.1763735522e-22 -1.1911400821e-22 -1.0237684773e+01 
6.1740000000e-02 5.2608686958e-22 -8.6853964318e-23 -1.0292852332e+01 
6.2160000000e-02 -2.3822801642e-22 1.3896634291e-22 -1.0343717111e+01 
6.2580000000e-02 3.9084283943e-22 -5.6558474383e-23 -1.0390310875e+01 
6.3000000000e-02 3.3087224502e-23 1.0257039596e-22 -1.0432730466e+01 
6.3420000000e-02 -2.1175823681e-22 5.2939559203e-23 -1.0471024388e+01 
6.3840000000e-02 -4.9630836753e-22 -1.3648480107e-22 -1.0505181124e+01 
6.4260000000e-02 1.3234889801e-22 3.9704669403e-23 -1.0535177678e+01 
6.4680000000e-02 4.5494933690e-24 4.0738645168e-23 -1.0561007739e+01 
6.5100000000e-02 5.0292581243e-22 1.4889251026e-23 -1.0582625269e+01 
6.5520000000e-02 1.2466839677e-22 7.0439599038e-24 -1.0600020178e+01 
6.5940000000e-02 -1.0422475718e-22 1.6543612251e-23 -1.0613192597e+01 
6.6360000000e-02 1.4558378781e-22 5.2939559203e-23 -1.0622142638e+01 
6.6780000000e-02 -2.7503755367e-23 -1.8197973476e-23 -1.0626863261e+01 
6.7200000000e-02 4.6322114303e-23 5.2939559203e-23 -1.0627331596e+01 
6.7620000000e-02 -9.5694457115e-23 5.3766739816e-23 -1.0623536395e+01 
6.8040000000e-02 1.8197973476e-23 5.9557004104e-23 -1.0615313994e+01 
6.8460000000e-02 -6.6174449004e-24 -2.6469779602e-23 -1.0602605096e+01 
6.8880000000e-02 -6.2865726554e-23 -2.8455013072e-22 -1.0585174159e+01 
6.9300000000e-02 0.0000000000e+00 -4.4998625323e-22 -1.0562683858e+01 
6.9720000000e-02 4.5494933690e-23 -3.1432863277e-23 -1.0535221913e+01 
7.0140000000e-02 -7.2791893905e-23 1.1911400821e-22 -1.0503281785e+01 
7.0560000000e-02 1.5199443756e-23 1.5902547276e-22 -1.0466937789e+01 
7.0980000000e-02 -2.9116757562e-22 1.7205356741e-22 -1.0426169324e+01 
7.1400000000e-02 -1.8528845721e-22 1.5881867761e-22 -1.0380964231e+01 
7.1820000000e-02 6.9483171454e-22 1.1911400821e-22 -1.0331316097e+01 
7.2240000000e-02 2.9116757562e-22 1.8528845721e-22 -1.0277209871e+01 
7.2660000000e-02 2.1258541743e-22 -4.4998625323e-22 -1.0218644397e+01 
7.3080000000e-02 -6.2203982064e-22 -7.9409338805e-23 -1.0155614324e+01 
7.3500000000e-02 -9.5291206566e-22 -5.2939559203e-23 -1.0088118255e+01 
7.3920000000e-02 -3.9704669403e-23 5.8233515124e-22 -1.0016161386e+01 
7.4340000000e-02 7.9409338805e-23 -6.3527471044e-22 -9.9397489100e+00 
7.4760000000e-02 9.9261673506e-24 -6.6174449004e-23 -9.8588265431e+00 
7.5180000000e-02 -4.4998625323e-22 2.6469779602e-23 -9.7731858202e+00 
7.5600000000e-02 -3.3087224502e-24 3.0522964603e-22 -9.6828018755e+00 
7.6020000000e-02 -6.6174449004e-23 9.2644228606e-22 -9.5875711319e+00 
7.6440000000e-02 -4.2351647363e-22 -8.9997250646e-22 -9.4874494704e+00 
7.6860000000e-02 1.3234889801e-22 -1.1646703025e-21 -9.3827012322e+00 
7.7280000000e-02 2.6469779602e-22 5.2939559203e-23 -9.2737743291e+00 
7.7700000000e-02 -2.8785885317e-22 -4.0697286138e-22 -9.1606961477e+00 
7.8120000000e-02 5.8233515124e-22 -3.7057691442e-22 -9.0435991779e+00 
7.8540000000e-02 -7.0113896672e-22 -2.7917345674e-22 -8.9225086772e+00 
7.8960000000e-02 -2.3293406049e-21 2.6469779602e-23 -8.7975544717e+00 
7.9380000000e-02 -7.9409338805e-22 -3.1763735522e-22 -8.6688272138e+00 
7.9800000000e-02 -6.1542237574e-22 4.7645603283e-22 -8.5363951549e+00 
8.0220000000e-02 -5.8233515124e-22 1.6411263353e-21 -8.4004466691e+00 
8.0640000000e-02 -1.5385559393e-22 2.2333876539e-22 -8.2610101292e+00 
8.1060000000e-02 -1.0587911841e-22 1.8528845721e-22 -8.1183124177e+00 
8.1480000000e-02 -2.1175823681e-22 9.5291206566e-22 -7.9724233445e+00 
8.1900000000e-02 -6.8821426964e-22 8.2056316765e-22 -7.8234016633e+00 
8.2320000000e-02 5.2939559203e-23 -1.0587911841e-22 -7.6713180250e+00 
8.2740000000e-02 -2.0249381395e-21 -1.3036366454e-21 -7.5162741598e+00 
8.3160000000e-02 -5.8233515124e-22 -3.7057691442e-22 -7.3587335410e+00 
8.3580000000e-02 -9.1817047993e-22 4.4006008588e-22 -7.1987655299e+00 
8.4000000000e-02 5.2939559203e-23 7.1468404925e-22 -7.0368108414e+00 
8.4420000000e-02 3.1763735522e-22 1.0587911841e-22 -6.8730902147e+00 
8.4840000000e-02 -4.6322114303e-22 1.1911400821e-22 -6.7077750201e+00 
8.5260000000e-02 -3.1763735522e-22 -4.2351647363e-22 -6.5412074051e+00 
8.5680000000e-02 3.6395946952e-23 8.4041550235e-22 -6.3734459909e+00 
8.6100000000e-02 -6.3527471044e-22 -6.3527471044e-22 -6.2048893034e+00 
8.6520000000e-02 1.3826323939e-21 1.3869750921e-21 -6.0356252950e+00 
8.6940000000e-02 2.2234614865e-21 -2.3822801642e-22 -5.8659445430e+00 
8.7360000000e-02 -1.0587911841e-22 1.0587911841e-22 -5.6960886917e+00 
8.7780000000e-02 1.9852334701e-22 -6.3527471044e-22 -5.5261724448e+00 
8.8200000000e-02 -1.3764285393e-21 1.0587911841e-22 -5.3565685888e+00 
8.8620000000e-02 -1.7685121496e-21 1.1514354127e-21 -5.1873255833e+00 
8.9040000000e-02 8.4703294725e-22 -2.6469779602e-22 -5.0187846983e+00 
8.9460000000e-02 -1.2705494209e-21 -1.0587911841e-22 -4.8510695821e+00 
8.9880000000e-02 -6.6174449004e-23 2.5146290622e-22 -4.6843604722e+00 
9.0300000000e-02 -2.1175823681e-22 4.7645603283e-22 -4.5189154923e+00 
9.0720000000e-02 2.1771393722e-21 6.0880493084e-22 -4.3547892017e+00 
9.1140000000e-02 -4.7645603283e-22 0.0000000000e+00 -4.1922687380e+00 
9.1560000000e-02 6.2286700125e-22 1.7370792864e-23 -4.0314022034e+00 
9.1980000000e-02 -1.0587911841e-22 4.7645603283e-22 -3.8724739995e+00 
9.2400000000e-02 0.0000000000e+00 1.4823076577e-21 -3.7156519699e+00 
9.2820000000e-02 1.8528845721e-22 1.5881867761e-22 -3.5610493174e+00 
9.3240000000e-02 2.6469779602e-22 -8.9997250646e-22 -3.4089318029e+00 
9.3660000000e-02 7.6762360845e-22 -9.9261673506e-24 -3.2592936160e+00 
9.4080000000e-02 7.1468404925e-22 -5.0292581243e-22 -3.1119637315e+00 
9.4500000000e-02 8.4703294357e-22 9.5291206195e-22 -2.9668976143e+00 
9.4920000000e-02 5.8233515124e-22 -4.6322114303e-22 -2.8241144648e+00 
9.5340000000e-02 -7.4115382885e-22 2.6469779602e-22 -2.6836334834e+00 
9.5760000000e-02 2.1175823681e-22 -3.3748968992e-22 -2.5454545547e+00 
9.6180000000e-02 -1.5881867761e-21 3.1763735522e-22 -2.4095772358e+00 
9.6600000000e-02 2.0538894610e-21 -2.4815418377e-24 -2.2760100087e+00 
9.7020000000e-02 3.4410713482e-22 3.1763735522e-22 -2.1449578293e+00 
9.7440000000e-02 -2.4352197234e-21 1.0587911841e-22 -2.0165080000e+00 
9.7860000000e-02 -6.2203982064e-22 1.2705494209e-21 -1.8905385131e+00 
9.8280000000e-02 2.6469779602e-22 1.0587911841e-21 -1.7668426332e+00 
9.8700000000e-02 -2.7462396337e-22 2.1506695926e-22 -1.6453821199e+00 
9.9120000000e-02 -8.7350272686e-22 -1.3234889801e-22 -1.5259266061e+00 
9.9540000000e-02 -5.6972064690e-23 -3.2249704132e-22 -1.4084327340e+00 
9.9960000000e-02 -8.8673761666e-22 2.7793268582e-22 -1.2927469788e+00 
1.0038000000e-01 -1.0587911841e-21 1.0587911841e-22 -1.1787621403e+00 
1.0080000000e-01 -5.5586537164e-22 3.1101991032e-22 -1.0664020909e+00 
1.0122000000e-01 2.1705219273e-21 2.6469779602e-22 -9.5545671831e-01 
1.0164000000e-01 -2.4219848336e-21 5.6248281654e-23 -8.4589569044e-01 
1.0206000000e-01 -1.2176098617e-21 -7.9409338805e-23 -7.3748303567e-01 
1.0248000000e-01 -5.8233515124e-22 5.2939559203e-23 -6.3014614734e-01 
1.0290000000e-01 1.6014216659e-21 -1.0984958535e-21 -5.2372748308e-01 
1.0332000000e-01 1.4293680985e-21 -4.7645603283e-22 -4.1803759817e-01 
1.0374000000e-01 -1.4889251026e-22 3.3748968992e-22 -3.1301718067e-01 
1.0416000000e-01 2.6469779602e-23 4.4998625323e-22 -2.0839741673e-01 
1.0458000000e-01 2.2623389753e-22 2.7586473429e-22 -1.0413849805e-01 
1.0500000000e-01 4.8969092263e-22 1.8528845721e-22 3.6347729575e-14 
1.0542000000e-01 -1.1117307433e-21 0.0000000000e+00 1.0413849805e-01 
1.0584000000e-01 -1.4558378781e-22 2.7131524092e-22 2.0839741673e-01 
1.0626000000e-01 4.2351647363e-22 -2.1175823681e-22 3.1301718067e-01 
1.0668000000e-01 -4.6983858793e-22 -6.3858343289e-22 4.1803759817e-01 
1.0710000000e-01 2.9116757562e-22 -4.2351647363e-22 5.2372748308e-01 
1.0752000000e-01 -1.5678691523e-21 -4.2227570271e-22 6.3014614734e-01 
1.0794000000e-01 2.3161057151e-21 -2.9116757562e-22 7.3748303567e-01 
1.0836000000e-01 1.3234889801e-21 -5.2939559203e-23 8.4589569044e-01 
1.0878000000e-01 -8.1394572275e-22 -1.9852334701e-22 9.5545671831e-01 
1.0920000000e-01 3.1763735522e-22 -1.5881867761e-22 1.0664020909e+00 
1.0962000000e-01 -6.1211365329e-23 -1.0157777922e-21 1.1787621403e+00 
1.1004000000e-01 8.2056316765e-22 -3.9704669403e-22 1.2927469788e+00 
1.1046000000e-01 2.1175823681e-22 -4.2351647363e-22 1.4084327340e+00 
1.1088000000e-01 3.7057691442e-22 -2.7793268582e-22 1.5259266061e+00 
1.1130000000e-01 -1.5881867761e-22 -5.2939559203e-23 1.6453821199e+00 
1.1172000000e-01 -5.1285197978e-22 -8.2718061255e-23 1.7668426332e+00 
1.1214000000e-01 1.0587911841e-21 -1.2176098617e-21 1.8905385131e+00 
1.1256000000e-01 9.7028285852e-22 1.7825742201e-22 2.0165080000e+00 
1.1298000000e-01 4.2351647363e-22 -2.1175823681e-22 2.1449578293e+00 
1.1340000000e-01 -1.1646703025e-21 6.3527471044e-22 2.2760100087e+00 
1.1382000000e-01 4.8969092263e-22 9.1320739626e-22 2.4095772358e+00 
1.1424000000e-01 8.4703294725e-22 1.5881867761e-22 2.5454545547e+00 
1.1466000000e-01 3.9704669403e-23 -3.8712052667e-22 2.6836334834e+00 
1.1508000000e-01 -3.4410713482e-22 6.0880493084e-22 2.8241144648e+00 
1.1550000000e-01 -4.2351655405e-22 -8.1696482930e-29 2.9668976143e+00 
1.1592000000e-01 -1.3234889801e-21 -3.4410713482e-22 3.1119637315e+00 
1.1634000000e-01 1.7999450129e-21 4.2351647363e-22 3.2592936160e+00 
1.1676000000e-01 1.3631936495e-21 7.9409338805e-23 3.4089318029e+00 
1.1718000000e-01 1.7470054537e-21 -1.6411263353e-21 3.5610493174e+00 
1.1760000000e-01 1.8280691537e-22 1.9769616640e-22 3.7156519699e+00 
1.1802000000e-01 -6.8821426964e-22 -1.5881867761e-22 3.8724739995e+00 
1.1844000000e-01 -1.7999450129e-21 -9.5291206566e-22 4.0314022034e+00 
1.1886000000e-01 1.3234889801e-21 -1.4823076577e-21 4.1922687380e+00 
1.1928000000e-01 -8.9997250646e-22 4.2351647363e-22 4.3547892017e+00 
1.1970000000e-01 -2.4484546132e-22 2.8455013072e-22 4.5189154923e+00 
1.2012000000e-01 -1.5881867761e-22 -5.2939559203e-22 4.6843604722e+00 
1.2054000000e-01 1.0784367236e-21 -1.6622194409e-21 4.8510695821e+00 
1.2096000000e-01 8.4703294725e-22 -1.0587911841e-22 5.0187846983e+00 
1.2138000000e-01 1.7999450129e-21 -5.2939559203e-22 5.1873255833e+00 
1.2180000000e-01 3.3087224502e-22 7.1468404925e-22 5.3565685888e+00 
1.2222000000e-01 -2.6469779602e-22 -3.7057691442e-22 5.5261724448e+00 
1.2264000000e-01 1.1299287167e-21 4.6652986548e-22 5.6960886917e+00 
1.2306000000e-01 -2.4087499438e-21 -4.2351647363e-22 5.8659445430e+00 
1.2348000000e-01 9.5291206566e-22 1.0587911841e-21 6.0356252950e+00 
1.2390000000e-01 1.7470054537e-21 2.6469779602e-23 6.2048893034e+00 
1.2432000000e-01 -1.0587911841e-22 7.4115382885e-22 6.3734459909e+00 
1.2474000000e-01 1.7602403435e-21 1.5815693312e-21 6.5412074051e+00 
1.2516000000e-01 -6.3527471044e-22 0.0000000000e+00 6.7077750201e+00 
1.2558000000e-01 -2.0514079191e-21 6.9317735332e-22 6.8730902147e+00 
1.2600000000e-01 -7.9409338805e-23 5.2939559203e-22 7.0368108414e+00 
1.2642000000e-01 5.2939559203e-22 -9.5291206566e-22 7.1987655299e+00 
1.2684000000e-01 7.8085849825e-22 1.1514354127e-21 7.3587335410e+00 
1.2726000000e-01 -8.4703294725e-22 -8.9997250646e-22 7.5162741598e+00 
1.2768000000e-01 -1.6080391108e-21 4.7976475528e-22 7.6713180250e+00 
1.2810000000e-01 9.2644228606e-22 5.8233515124e-22 7.8234016633e+00 
1.2852000000e-01 -5.8649690369e-22 -1.7120570728e-21 7.9724233445e+00 
1.2894000000e-01 1.8528845721e-22 7.4115382885e-22 8.1183124177e+00 
1.2936000000e-01 -3.7057691442e-22 -7.4115382885e-22 8.2610101292e+00 
1.2978000000e-01 -1.1249656331e-21 -1.1712877474e-21 8.4004466691e+00 
1.3020000000e-01 2.6469779602e-22 -7.9409338805e-22 8.5363951549e+00 
1.3062000000e-01 -1.6212740006e-21 2.7462396337e-22 8.6688272138e+00 
1.3104000000e-01 -5.5586537164e-22 -1.8528845721e-22 8.7975544717e+00 
1.3146000000e-01 -6.8821426964e-22 0.0000000000e+00 8.9225086772e+00 
1.3188000000e-01 7.1468404925e-22 -1.0058516249e-21 9.0435991779e+00 
1.3230000000e-01 8.4703294725e-22 9.5291206566e-22 9.1606961477e+00 
1.3272000000e-01 -7.9740211050e-22 -9.5952951056e-23 9.2737743291e+00 
1.3314000000e-01 -7.9409338805e-23 -1.1382005229e-21 9.3827012322e+00 
1.3356000000e-01 -4.0138939224e-22 3.2983826926e-22 9.4874494704e+00 
1.3398000000e-01 -2.9116757562e-22 -3.9704669403e-23 9.5875711319e+00 
1.3440000000e-01 2.1175823681e-22 -3.7057691442e-22 9.6828018755e+00 
1.3482000000e-01 -1.6543612251e-22 -3.7057691442e-22 9.7731858202e+00 
1.3524000000e-01 5.2939559203e-23 -8.9997250646e-22 9.8588265431e+00 
1.3566000000e-01 -6.4933678085e-22 -1.5220123271e-22 9.9397489100e+00 
1.3608000000e-01 -5.2939559203e-23 1.5881867761e-22 1.0016161386e+01 
1.3650000000e-01 -1.0587918477e-22 -1.1297715851e-28 1.0088118255e+01 
1.3692000000e-01 3.3087224502e-23 3.3087224502e-23 1.0155614324e+01 
1.3734000000e-01 -2.9116757562e-22 1.3234889801e-22 1.0218644397e+01 
1.3776000000e-01 1.3069453678e-22 6.2865726554e-23 1.0277209871e+01 
1.3818000000e-01 -1.5881867761e-22 -1.3234889801e-22 1.0331316097e+01 
1.3860000000e-01 1.8001518081e-22 4.7976475528e-23 1.0380964231e+01 
1.3902000000e-01 -2.2499312661e-22 -4.6322114303e-23 1.0426169324e+01 
1.3944000000e-01 -6.6174449004e-23 2.6469779602e-23 1.0466937789e+01 
1.3986000000e-01 -1.1497810514e-22 -2.1506695926e-22 1.0503281785e+01 
1.4028000000e-01 -2.3161057151e-23 -1.0587911841e-22 1.0535221913e+01 
1.4070000000e-01 7.5480230895e-23 3.1184709093e-22 1.0562683858e+01 
1.4112000000e-01 -3.1432863277e-23 2.6469779602e-23 1.0585174159e+01 
1.4154000000e-01 7.1990562686e-24 -7.1370177227e-23 1.0602605096e+01 
1.4196000000e-01 -2.3161057151e-23 -4.7976475528e-23 1.0615313994e+01 
1.4238000000e-01 6.6174449004e-23 1.0587911841e-22 1.0623536395e+01 
1.4280000000e-01 1.8197973476e-23 -1.4889251026e-22 1.0627331596e+01 
1.4322000000e-01 -8.6026783706e-23 5.7902642879e-23 1.0626863261e+01 
1.4364000000e-01 -4.8390065834e-23 -1.6233419521e-23 1.0622142638e+01 
1.4406000000e-01 -8.6026783706e-23 -2.4815418377e-23 1.0613192597e+01 
1.4448000000e-01 2.6469779602e-23 0.0000000000e+00 1.0600020178e+01 
1.4490000000e-01 -1.2573145311e-22 -1.6543612251e-24 1.0582625269e+01 
1.4532000000e-01 -2.1175823681e-22 5.9557004104e-23 1.0561007739e+01 
1.4574000000e-01 -2.0183206946e-22 -2.4815418377e-23 1.0535177678e+01 
1.4616000000e-01 -5.9557004104e-22 -8.6026783706e-23 1.0505181124e+01 
1.4658000000e-01 -6.6174449004e-24 -2.9158116592e-23 1.0471024388e+01 
1.4700000000e-01 -1.3102540903e-21 -1.3234889801e-22 1.0432730466e+01 
1.4742000000e-01 -5.2939559203e-22 -1.3234889801e-22 1.0390310875e+01 
1.4784000000e-01 1.3896634291e-22 -5.2939559203e-23 1.0343717111e+01 
1.4826000000e-01 -2.6469779602e-23 7.9409338805e-23 1.0292852332e+01 
1.4868000000e-01 -3.9042924913e-22 3.1929171645e-22 1.0237684773e+01 
1.4910000000e-01 1.2440796413e-21 1.3234889801e-22 1.0177978556e+01 
1.4952000000e-01 1.0056189803e-21 1.8810604117e-22 1.0113682672e+01 
1.4994000000e-01 1.8528845721e-22 1.9852334701e-22 1.0045129250e+01 
1.5036000000e-01 -4.7645603283e-22 -1.5881867761e-22 9.9725944878e+00 
1.5078000000e-01 2.3822801642e-22 -1.6212740006e-22 9.8960927878e+00 
1.5120000000e-01 3.7057691442e-22 -2.9116757562e-22 9.8156709573e+00 
1.5162000000e-01 -3.6892255320e-22 -3.7471281749e-22 9.7313360003e+00 
1.5204000000e-01 2.3822801642e-22 -5.5586537164e-22 9.6431466292e+00 
1.5246000000e-01 3.1763735522e-22 5.2939559203e-22 9.5511241166e+00 
1.5288000000e-01 1.9852334701e-22 -4.6322114303e-22 9.4553115875e+00 
1.5330000000e-01 -2.6469779602e-22 4.7645603283e-22 9.3557708025e+00 
1.5372000000e-01 7.0475788190e-22 4.6322114303e-22 9.2525204213e+00 
1.5414000000e-01 -1.7734752333e-21 2.1175823681e-22 9.1456597679e+00 
1.5456000000e-01 -7.5645667018e-22 -3.8463898484e-23 9.0352055329e+00 
1.5498000000e-01 0.0000000000e+00 -3.9704669403e-22 8.9212592360e+00 
1.5540000000e-01 -2.1175823681e-22 8.4703294725e-22 8.8038807905e+00 
1.5582000000e-01 3.8381180422e-22 -4.7645603283e-22 8.6830138364e+00 
1.5624000000e-01 -2.1175823681e-22 -5.2939559203e-23 8.5585260603e+00 
1.5666000000e-01 -4.5991242058e-22 1.1580528576e-22 8.4304568907e+00 
1.5708000000e-01 -1.0852609637e-21 3.4410713482e-22 8.2992619719e+00 
1.5750000000e-01 -6.3527419112e-22 -3.1763687854e-22 8.1650599539e+00 
1.5792000000e-01 -8.4703294725e-22 4.7645603283e-22 8.0280802000e+00 
1.5834000000e-01 4.2351647363e-22 -1.0587911841e-21 7.8885520736e+00 
1.5876000000e-01 -5.9557004104e-23 -5.9557004104e-23 7.7465435705e+00 
1.5918000000e-01 -1.2705494209e-21 3.7057691442e-22 7.6023158117e+00 
1.5960000000e-01 3.4162559298e-22 7.9988365234e-22 7.4559053017e+00 
1.6002000000e-01 -8.7350272686e-22 -4.2351647363e-22 7.3075705815e+00 
1.6044000000e-01 -7.4115382885e-22 4.2351647363e-22 7.1574217782e+00 
1.6086000000e-01 2.1175823681e-21 -2.6469779602e-23 7.0056199224e+00 
1.6128000000e-01 -3.1763735522e-22 5.2939559203e-22 6.8524378709e+00 
1.6170000000e-01 -1.0290126820e-21 2.7793268582e-22 6.6979340839e+00 
1.6212000000e-01 2.3293406049e-21 -3.1763735522e-22 6.5424654148e+00 
1.6254000000e-01 -8.6026783706e-23 6.4850960024e-22 6.3860994447e+00 
1.6296000000e-01 -2.0381730293e-21 3.9704669403e-22 6.2291278926e+00 
1.6338000000e-01 -1.0587911841e-22 -1.0587911841e-22 6.0717544540e+00 
1.6380000000e-01 2.0514079191e-21 4.6322114303e-22 5.9141087306e+00 
1.6422000000e-01 -8.4703294725e-22 4.2351647363e-22 5.7565484228e+00 
1.6464000000e-01 -2.4153673887e-22 -4.6818422671e-22 5.5991309713e+00 
1.6506000000e-01 -3.4410713482e-22 9.5291206566e-22 5.4423335335e+00 
1.6548000000e-01 1.1646703025e-21 1.0587911841e-22 5.2863029269e+00 
1.6590000000e-01 -4.3675136343e-22 1.0587911841e-22 5.1312497371e+00 
1.6632000000e-01 6.8821426964e-22 -3.7057691442e-22 4.9774271933e+00 
1.6674000000e-01 1.2374621964e-21 6.9483171454e-22 4.8249078966e+00 
1.6716000000e-01 2.1175823681e-22 -2.6469779602e-22 4.6740206873e+00 
1.6758000000e-01 -9.2975100851e-22 6.8242400536e-22 4.5248132749e+00 
1.6800000000e-01 -9.5291206566e-22 2.9116757562e-22 4.3775441349e+00 
1.6842000000e-01 6.3527471044e-22 8.4703294725e-22 4.2323427291e+00 
1.6884000000e-01 3.8381180422e-22 1.3234889801e-22 4.0893207303e+00 
1.6926000000e-01 1.1117307433e-21 1.0587911841e-22 3.9487010977e+00 
1.6968000000e-01 -4.3013391853e-22 1.0918784086e-22 3.8105167709e+00 
1.7010000000e-01 7.9409338805e-23 -9.5291206566e-22 3.6749847800e+00 
1.7052000000e-01 -2.3990822703e-22 3.8334651513e-23 3.5421529258e+00 
1.7094000000e-01 2.5146290622e-22 2.2499312661e-22 3.4121331210e+00 
1.7136000000e-01 6.3527471044e-22 3.1763735522e-22 3.2850184324e+00 
1.7178000000e-01 1.4492204332e-21 2.6469779602e-23 3.1607944945e+00 
1.7220000000e-01 -5.2939559203e-22 1.5881867761e-22 3.0394146199e+00 
1.7262000000e-01 5.0788889611e-22 7.6100616355e-23 2.9209004454e+00 
1.7304000000e-01 -1.3234889801e-22 2.9116757562e-22 2.8056871596e+00 
1.7346000000e-01 1.3234889801e-21 5.2939559203e-23 2.6939324395e+00 
1.7388000000e-01 8.9997250646e-22 -1.7205356741e-22 2.5854563125e+00 
1.7430000000e-01 -2.1175823681e-22 -2.6469779602e-22 2.4800010338e+00 
1.7472000000e-01 2.5477162867e-22 -7.7093233090e-22 2.3777110263e+00 
1.7514000000e-01 -7.9409338805e-23 -2.1175823681e-22 2.2793861380e+00 
1.7556000000e-01 6.4995716631e-22 2.6118227841e-22 2.1851165815e+00 
1.7598000000e-01 -1.3234889801e-23 -1.1911400821e-22 2.0930239670e+00 
1.7640000000e-01 -1.0058516249e-21 1.5881867761e-22 2.0019997367e+00 
1.7682000000e-01 -7.0806660435e-22 -1.0587911841e-22 1.9135361001e+00 
1.7724000000e-01 -2.9116757562e-22 -6.8821426964e-22 1.8311362525e+00 
1.7766000000e-01 5.2939559203e-23 1.4889251026e-23 1.7544953418e+00 
1.7808000000e-01 7.6762360845e-22 8.8673761666e-22 1.6790442496e+00 
1.7850000000e-01 1.5881904521e-22 -2.1175787096e-22 1.6035931744e+00 
1.7892000000e-01 4.3013391853e-22 3.5072457972e-22 1.5306427857e+00 
1.7934000000e-01 -2.3822801642e-22 0.0000000000e+00 1.4626937528e+00 
1.7976000000e-01 1.5220123271e-22 -1.8859717966e-22 1.3990634523e+00 
1.8018000000e-01 -2.6469779602e-23 2.5146290622e-22 1.3371304484e+00 
1.8060000000e-01 -5.7158180327e-22 1.3937993322e-22 1.2766581806e+00 
1.8102000000e-01 -2.5146290622e-22 -1.9852334701e-22 1.2181742715e+00 
1.8144000000e-01 5.5586537164e-22 -1.5881867761e-22 1.1619034654e+00 
1.8186000000e-01 1.4227506536e-22 -3.9704669403e-23 1.1082203501e+00 
1.8228000000e-01 3.4410713482e-22 5.5586537164e-22 1.0577596436e+00 
1.8270000000e-01 9.0989867381e-23 -7.9409338805e-23 1.0101834947e+00 
1.8312000000e-01 -2.2499312661e-22 1.0587911841e-22 9.6318992765e-01 
1.8354000000e-01 -2.0896650225e-22 -5.2991257992e-23 9.1637630518e-01 
1.8396000000e-01 6.6174449004e-24 -9.2644228606e-23 8.7216646423e-01 
1.8438000000e-01 3.4410713482e-22 2.3822801642e-22 8.3225287122e-01 
1.8480000000e-01 4.4998625323e-22 1.4889251026e-22 7.9553954234e-01 
1.8522000000e-01 -1.9852334701e-22 -1.0587911841e-22 7.5900156234e-01 
1.8564000000e-01 6.1211365329e-23 -7.8582158193e-23 7.2259547101e-01 
1.8606000000e-01 8.6026783706e-23 -7.9409338805e-23 6.8803593224e-01 
1.8648000000e-01 6.3527471044e-22 7.9409338805e-23 6.5585053491e-01 
1.8690000000e-01 -8.9335506156e-23 -2.4815418377e-22 6.2550265126e-01 
1.8732000000e-01 -3.7057691442e-22 -1.3234889801e-22 5.9634698639e-01 
1.8774000000e-01 -1.6709048374e-22 -6.6174449004e-24 5.6832326368e-01 
1.8816000000e-01 -9.2644228606e-23 5.2939559203e-23 5.4116259196e-01 
1.8858000000e-01 1.9542141972e-23 -4.1359030628e-24 5.1485261583e-01 
1.8900000000e-01 -3.6395946952e-23 4.3013391853e-23 4.9014327582e-01 
1.8942000000e-01 -1.3234889801e-22 1.3234889801e-23 4.6741019205e-01 
1.8984000000e-01 -4.3013391853e-23 -5.4593920428e-23 4.4600581604e-01 
1.9026000000e-01 -1.6543612251e-22 4.6322114303e-23 4.2463729144e-01 
1.9068000000e-01 -4.1359030628e-25 5.2525968897e-23 4.0345460373e-01 
1.9110000000e-01 -1.2242273066e-22 7.2791893905e-23 3.8396508850e-01 
1.9152000000e-01 -9.9190587672e-23 5.9537617058e-23 3.6649701102e-01 
1.9194000000e-01 6.7828810229e-23 3.3087224502e-23 3.5003562239e-01 
1.9236000000e-01 -1.9852334701e-22 4.6322114303e-23 3.3373705659e-01 
1.9278000000e-01 -1.5716431639e-23 -2.1506695926e-23 3.1777424545e-01 
1.9320000000e-01 1.6543612251e-22 6.6174449004e-24 3.0270921738e-01 
1.9362000000e-01 1.8456467418e-22 9.2644228606e-23 2.8857755278e-01 
1.9404000000e-01 6.9483171454e-23 -2.6469779602e-23 2.7524724517e-01 
1.9446000000e-01 -6.6174449004e-23 9.9261673506e-23 2.6267046610e-01 
1.9488000000e-01 -3.4741585727e-23 3.0605682664e-23 2.5063828478e-01 
1.9530000000e-01 -2.6469779602e-23 -5.2939559203e-23 2.3885148449e-01 
1.9572000000e-01 2.1093105620e-23 -2.4815418377e-23 2.2742120048e-01 
1.9614000000e-01 6.9483171454e-23 -1.3234889801e-23 2.1696718997e-01 
1.9656000000e-01 2.4505225647e-23 -1.8482316812e-23 2.0757229474e-01 
1.9698000000e-01 -6.1211365329e-23 4.3013391853e-23 1.9857047148e-01 
1.9740000000e-01 0.0000000000e+00 -6.6174449004e-24 1.8956864543e-01 
1.9782000000e-01 -1.9025154089e-23 6.0384184716e-23 1.8081876341e-01 
1.9824000000e-01 6.6174449004e-24 1.3234889801e-23 1.7291230999e-01 
1.9866000000e-01 -1.3048774163e-22 5.9970594410e-24 1.6581662878e-01 
1.9908000000e-01 2.9778502052e-23 0.0000000000e+00 1.5895106205e-01 
1.9950000000e-01 1.3234936025e-23 -3.3086762623e-24 1.5216440614e-01 
1.9992000000e-01 -1.4062070413e-23 -4.5494933690e-23 1.4570327844e-01 
2.0034000000e-01 3.6395946952e-23 -3.3087224502e-24 1.3981429632e-01 
2.0076000000e-01 -5.2319173744e-23 -1.2407709188e-24 1.3442437417e-01 
2.0118000000e-01 -1.1580528576e-23 -1.9852334701e-23 1.2925284591e-01 
2.0160000000e-01 -3.5801410887e-23 1.8197973476e-23 1.2427699455e-01 
2.0202000000e-01 3.0605682664e-23 -2.8951321439e-23 1.1961606791e-01 
2.0244000000e-01 -1.3234889801e-23 -1.6543612251e-23 1.1532086039e-01 
2.0286000000e-01 -1.4268865567e-23 -2.6056189295e-23 1.1135298802e-01 
2.0328000000e-01 1.1580528576e-23 -1.6543612251e-24 1.0764741127e-01 
2.0370000000e-01 1.9438744395e-23 -1.3338287377e-23 1.0419855531e-01 
2.0412000000e-01 2.4815418377e-24 8.2718061255e-24 1.0097661826e-01 
2.0454000000e-01 -3.9468793681e-24 2.2456661161e-25 9.7976546452e-02 
2.0496000000e-01 1.5716431639e-23 5.3766739816e-24 9.5250266969e-02 
2.0538000000e-01 9.0989867381e-24 3.3087224502e-24 9.2834038372e-02 
2.0580000000e-01 6.2038545941e-25 7.5480230895e-24 9.0678800629e-02 
2.0622000000e-01 2.0679515314e-24 -3.3087224502e-24 8.8649148045e-02 
2.0664000000e-01 1.1632227364e-24 5.1957282226e-24 8.6775643799e-02 
2.0706000000e-01 9.0989867381e-24 4.7562885222e-24 8.5557654072e-02 
2.0748000000e-01 4.9630836753e-24 -4.1359030628e-24 8.5148829998e-02 
2.0790000000e-01 -8.7887940084e-25 7.7548182427e-25 8.4917067373e-02 
2.0832000000e-01 -3.9291079096e-24 -1.4475660720e-24 8.4102260893e-02 
2.0874000000e-01 -2.4815418377e-24 3.3087224502e-24 8.2843948690e-02 
2.0916000000e-01 0.0000000000e+00 0.0000000000e+00 8.1785983428e-02 
2.0958000000e-01 -1.2407709188e-24 0.0000000000e+00 8.1007939580e-02 
