0.0000000000e+00 0.0000000000e+00 0.0000000000e+00 4.7235516186e-03 
6.6000000000e-04 1.8528845721e-22 0.0000000000e+00 4.7425094436e-03 
1.3200000000e-03 -4.6322114303e-22 6.4850960024e-22 4.7787729119e-03 
1.9800000000e-03 1.6675961149e-21 9.2644228606e-23 4.8481639350e-03 
2.6400000000e-03 6.0508261808e-22 9.2933741820e-22 4.9514505328e-03 
3.3000000000e-03 0.0000000000e+00 0.0000000000e+00 5.0897072288e-03 
3.9600000000e-03 -3.7057691442e-22 1.8528845721e-21 5.2633736006e-03 
4.6200000000e-03 -1.9692663500e-10 -4.9204800236e-11 5.4670412997e-03 
5.2800000000e-03 -1.0721561239e-09 -2.6789280128e-10 5.6874899180e-03 
5.9400000000e-03 -2.6038276246e-09 -6.4512960307e-10 5.9257451187e-03 
6.6000000000e-03 -3.8296263938e-09 -8.2008000390e-10 6.2175918961e-03 
7.2600000000e-03 -4.3558782181e-09 -6.4512960307e-10 6.5776695661e-03 
7.9200000000e-03 -5.7077295218e-09 -3.1716922422e-10 6.9915895875e-03 
8.5800000000e-03 -1.1613316008e-08 -3.1748754735e-10 7.4241799703e-03 
9.2400000000e-03 -2.1935936395e-08 -6.4606865635e-10 7.8756911396e-03 
9.9000000000e-03 -2.9940026749e-08 -8.2127371569e-10 8.3868044339e-03 
1.0560000000e-02 -3.2870129101e-08 -6.4606865635e-10 8.9741622192e-03 
1.1220000000e-02 -3.2547299091e-08 -4.4032049117e-10 9.6280290969e-03 
1.1880000000e-02 -3.3423006065e-08 -9.8592636277e-10 1.0324607426e-02 
1.2540000000e-02 -3.5759702272e-08 -2.2610811357e-09 1.1064215944e-02 
1.3200000000e-02 -4.0879867866e-08 -3.0041746868e-09 1.1877664502e-02 
1.3860000000e-02 -4.9324517454e-08 -2.6990937840e-09 1.2777557129e-02 
1.4520000000e-02 -5.9124789454e-08 -1.9107983462e-09 1.3764164216e-02 
1.5180000000e-02 -6.5467911104e-08 -2.0203015083e-09 1.4838146717e-02 
1.5840000000e-02 -6.8403174732e-08 -3.0412752494e-09 1.5999357460e-02 
1.6500000000e-02 -7.3827784303e-08 -3.8934899749e-09 1.7243897758e-02 
1.7160000000e-02 -8.4154232346e-08 -4.1350335778e-09 1.8570172691e-02 
1.7820000000e-02 -9.7855045015e-08 -5.1926786931e-09 2.0005537890e-02 
1.8480000000e-02 -1.1119639735e-07 -1.0554091762e-08 2.1616862680e-02 
1.9140000000e-02 -1.2405808517e-07 -2.0101615184e-08 2.3405384878e-02 
1.9800000000e-02 -1.3752944161e-07 -2.7759115298e-08 2.5331467154e-02 
2.0460000000e-02 -1.5205610294e-07 -3.1040901061e-08 2.7378894237e-02 
2.1120000000e-02 -1.6876717752e-07 -3.1323752458e-08 2.9566180252e-02 
2.1780000000e-02 -1.9042270795e-07 -3.1973131676e-08 3.1938581946e-02 
2.2440000000e-02 -2.1713751883e-07 -3.3109672635e-08 3.4498613447e-02 
2.3100000000e-02 -2.4867770837e-07 -3.4021859441e-08 3.7256328846e-02 
2.3760000000e-02 -2.8494758946e-07 -3.4418617409e-08 4.0215841177e-02 
2.4420000000e-02 -3.2491316787e-07 -3.4468403149e-08 4.3425516513e-02 
2.5080000000e-02 -3.6604690216e-07 -3.4582999482e-08 4.7003583021e-02 
2.5740000000e-02 -4.0850681980e-07 -3.4792265118e-08 5.0951402636e-02 
2.6400000000e-02 -4.5829706691e-07 -3.5341308879e-08 5.5180709716e-02 
2.7060000000e-02 -5.1787388507e-07 -3.6330402557e-08 5.9655395589e-02 
2.7720000000e-02 -5.8689841453e-07 -3.7536656285e-08 6.4427866023e-02 
2.8380000000e-02 -6.6454233143e-07 -3.8415228167e-08 6.9626224011e-02 
2.9040000000e-02 -7.5089388728e-07 -3.9080879063e-08 7.5261029823e-02 
2.9700000000e-02 -8.4872293932e-07 -4.2603189795e-08 8.1436506443e-02 
3.0360000000e-02 -9.5916261097e-07 -5.0237897972e-08 8.8195290546e-02 
3.1020000000e-02 -1.0840539946e-06 -5.9744548702e-08 9.5492403125e-02 
3.1680000000e-02 -1.2278975380e-06 -6.5646474472e-08 1.0321789550e-01 
3.2340000000e-02 -1.3906655606e-06 -6.7807204784e-08 1.1138600317e-01 
3.3000000000e-02 -1.5672486369e-06 -6.8701056177e-08 1.2041985574e-01 
3.3660000000e-02 -1.7555565474e-06 -6.9340249054e-08 1.3049255168e-01 
3.4320000000e-02 -1.9656478053e-06 -6.9946527317e-08 1.4142644619e-01 
3.4980000000e-02 -2.2221098872e-06 -7.1061931619e-08 1.5278729637e-01 
3.5640000000e-02 -2.5251677180e-06 -7.2819430893e-08 1.6459755851e-01 
3.6300000000e-02 -2.8551821645e-06 -7.7602301002e-08 1.7778551359e-01 
3.6960000000e-02 -3.2041190359e-06 -8.6385518436e-08 1.9273091290e-01 
3.7620000000e-02 -3.5911937547e-06 -9.6767620664e-08 2.0912831660e-01 
3.8280000000e-02 -4.0633773532e-06 -1.0287836595e-07 2.2623109399e-01 
3.8940000000e-02 -4.6217735400e-06 -1.0459338009e-07 2.4405030482e-01 
3.9600000000e-02 -5.2436928706e-06 -1.0504667225e-07 2.6357589458e-01 
4.0260000000e-02 -5.9198532993e-06 -1.0552033709e-07 2.8521284098e-01 
4.0920000000e-02 -6.6639109868e-06 -1.0747409380e-07 3.0885670039e-01 
4.1580000000e-02 -7.5092476593e-06 -1.1447614483e-07 3.3425216622e-01 
4.2240000000e-02 -8.4589987038e-06 -1.2635665940e-07 3.6139317052e-01 
4.2900000000e-02 -9.5487609109e-06 -1.3581115799e-07 3.9040152512e-01 
4.3560000000e-02 -1.0793096604e-05 -1.3985144442e-07 4.2132706215e-01 
4.4220000000e-02 -1.2176963660e-05 -1.4107872528e-07 4.5469284171e-01 
4.4880000000e-02 -1.3663592445e-05 -1.4585150554e-07 4.9177745517e-01 
4.5540000000e-02 -1.5260218773e-05 -1.5427564625e-07 5.3256013787e-01 
4.6200000000e-02 -1.7162800161e-05 -1.6232158556e-07 5.7530547588e-01 
4.6860000000e-02 -1.9451501046e-05 -1.6834086635e-07 6.1930352713e-01 
4.7520000000e-02 -2.2029985010e-05 -1.7261275766e-07 6.6622131842e-01 
4.8180000000e-02 -2.4662763030e-05 -1.7581991713e-07 7.2013380413e-01 
4.8840000000e-02 -2.7367404832e-05 -1.7798340453e-07 7.8101795573e-01 
4.9500000000e-02 -3.0765933380e-05 -1.7888387704e-07 8.4429219073e-01 
5.0160000000e-02 -3.5112812614e-05 -1.7843160352e-07 9.0808222537e-01 
5.0820000000e-02 -4.0146697265e-05 -1.7705288231e-07 9.7454220079e-01 
5.1480000000e-02 -4.5228743335e-05 -1.7578977607e-07 1.0489377953e+00 
5.2140000000e-02 -5.0329318425e-05 -1.7469881899e-07 1.1315769947e+00 
5.2800000000e-02 -5.5435353737e-05 -1.7398170060e-07 1.2239698103e+00 
5.3460000000e-02 -6.0541502945e-05 -1.7372093028e-07 1.3267339739e+00 
5.4120000000e-02 -6.6122123941e-05 -1.7203851222e-07 1.4369525424e+00 
5.4780000000e-02 -7.3336758238e-05 -1.6434379003e-07 1.5474952096e+00 
5.5440000000e-02 -8.2192124731e-05 -1.5051366279e-07 1.6585367536e+00 
5.6100000000e-02 -9.1676497583e-05 -1.3243056676e-07 1.7810525944e+00 
5.6760000000e-02 -1.0137598895e-04 -1.1086458952e-07 1.9195326766e+00 
5.7420000000e-02 -1.1171371926e-04 -8.4678935336e-08 2.0704988234e+00 
5.8080000000e-02 -1.2372398286e-04 -5.1094770218e-08 2.2254488245e+00 
5.8740000000e-02 -1.3741531971e-04 -1.0056069275e-08 2.3843748281e+00 
5.9400000000e-02 -1.5194131410e-04 3.6890881238e-08 2.5556063052e+00 
6.0060000000e-02 -1.6695570508e-04 8.9113509677e-08 2.7425507665e+00 
6.0720000000e-02 -1.8264708371e-04 1.4809560034e-07 2.9435272281e+00 
6.1380000000e-02 -1.9947645041e-04 2.1746418155e-07 3.1544266176e+00 
6.2040000000e-02 -2.1744960590e-04 2.9754571100e-07 3.3750680476e+00 
6.2700000000e-02 -2.3623316568e-04 3.9189522943e-07 3.6055810656e+00 
6.3360000000e-02 -2.5569074518e-04 5.0196707173e-07 3.8460186683e+00 
6.4020000000e-02 -2.7570159009e-04 6.2553195214e-07 4.0986485263e+00 
6.4680000000e-02 -2.9597052321e-04 7.5714050551e-07 4.3690138351e+00 
6.5340000000e-02 -3.1645887348e-04 8.9716738940e-07 4.6570344375e+00 
6.6000000000e-02 -3.3661105465e-04 1.0593044342e-06 4.9554036817e+00 
6.6660000000e-02 -3.5619978144e-04 1.2491528433e-06 5.2611324830e+00 
6.7320000000e-02 -3.7497280820e-04 1.4647429502e-06 5.5757581300e+00 
6.7980000000e-02 -3.9231353446e-04 1.7012600143e-06 5.9030384402e+00 
6.8640000000e-02 -4.0819099284e-04 1.9583989695e-06 6.2430088898e+00 
6.9300000000e-02 -4.2254050194e-04 2.2342631035e-06 6.5926921401e+00 
6.9960000000e-02 -4.3533560118e-04 2.5280764883e-06 6.9508701892e+00 
7.0620000000e-02 -4.4582171016e-04 2.8461033258e-06 7.3163676270e+00 
7.1280000000e-02 -4.5215429903e-04 3.2036561085e-06 7.6863112290e+00 
7.1940000000e-02 -4.5432879920e-04 3.6008415317e-06 8.0605605829e+00 
7.2600000000e-02 -4.5408923137e-04 4.0246943946e-06 8.4388998419e+00 
7.3260000000e-02 -4.5214905854e-04 4.4699107515e-06 8.8212407048e+00 
7.3920000000e-02 -4.4810530523e-04 4.9395845612e-06 9.2058718811e+00 
7.4580000000e-02 -4.4097292023e-04 5.4412788341e-06 9.5886102154e+00 
7.5240000000e-02 -4.3075747422e-04 5.9751488356e-06 9.9692492821e+00 
7.5900000000e-02 -4.1856657390e-04 6.5370473901e-06 1.0347430872e+01 
7.6560000000e-02 -4.0485333107e-04 7.1252779256e-06 1.0723008445e+01 
7.7220000000e-02 -3.8980016764e-04 7.7366914435e-06 1.1093828956e+01 
7.7880000000e-02 -3.7385300378e-04 8.3635903915e-06 1.1454629409e+01 
7.8540000000e-02 -3.5705385207e-04 9.0060098368e-06 1.1805353822e+01 
7.9200000000e-02 -3.3988106935e-04 9.6724188090e-06 1.2150033657e+01 
7.9860000000e-02 -3.2253034705e-04 1.0366281911e-05 1.2490318145e+01 
8.0520000000e-02 -3.0503644918e-04 1.1082476582e-05 1.2822769073e+01 
8.1180000000e-02 -2.8748435445e-04 1.1808481004e-05 1.3138981921e+01 
8.1840000000e-02 -2.6990259360e-04 1.2543389944e-05 1.3438892241e+01 
8.2500000000e-02 -2.5283386445e-04 1.3279810050e-05 1.3729486733e+01 
8.3160000000e-02 -2.3650017973e-04 1.4014716767e-05 1.4013623592e+01 
8.3820000000e-02 -2.2085024433e-04 1.4749458410e-05 1.4289483824e+01 
8.4480000000e-02 -2.0575867021e-04 1.5487330855e-05 1.4552620998e+01 
8.5140000000e-02 -1.9121810034e-04 1.6228211432e-05 1.4802859866e+01 
8.5800000000e-02 -1.7719206789e-04 1.6966105541e-05 1.5040791394e+01 
8.6460000000e-02 -1.6366565463e-04 1.7698560844e-05 1.5266657343e+01 
8.7120000000e-02 -1.5076395337e-04 1.8422371437e-05 1.5481674907e+01 
8.7780000000e-02 -1.3879274650e-04 1.9129700667e-05 1.5688819454e+01 
8.8440000000e-02 -1.2774907450e-04 1.9820208625e-05 1.5888095117e+01 
8.9100000000e-02 -1.1726204545e-04 2.0494254002e-05 1.6076617451e+01 
8.9760000000e-02 -1.0717993082e-04 2.1151983536e-05 1.6253206455e+01 
9.0420000000e-02 -9.7514646295e-05 2.1793443982e-05 1.6418602171e+01 
9.1080000000e-02 -8.8295319067e-05 2.2418749633e-05 1.6574613591e+01 
9.1740000000e-02 -7.9526881578e-05 2.3027287514e-05 1.6721428842e+01 
9.2400000000e-02 -7.1288720298e-05 2.3605457871e-05 1.6861377754e+01 
9.3060000000e-02 -6.3613311508e-05 2.4147697169e-05 1.6995413438e+01 
9.3720000000e-02 -5.6399538750e-05 2.4657171713e-05 1.7122239517e+01 
9.4380000000e-02 -4.9400228455e-05 2.5141621362e-05 1.7238687067e+01 
9.5040000000e-02 -4.2605970867e-05 2.5601210368e-05 1.7344750386e+01 
9.5700000000e-02 -3.6056924938e-05 2.6031812421e-05 1.7443472948e+01 
9.6360000000e-02 -2.9769519332e-05 2.6431739488e-05 1.7536099809e+01 
9.7020000000e-02 -2.3717657118e-05 2.6797310465e-05 1.7623007486e+01 
9.7680000000e-02 -1.7837545803e-05 2.7119527100e-05 1.7705116352e+01 
9.8340000000e-02 -1.2122665200e-05 2.7398611664e-05 1.7782312625e+01 
9.9000000000e-02 -6.4933637058e-06 2.7648452340e-05 1.7851172742e+01 
9.9660000000e-02 -9.1705657338e-07 2.7874730657e-05 1.7910296153e+01 
1.0032000000e-01 4.6158595351e-06 2.8071791416e-05 1.7961115332e+01 
1.0098000000e-01 1.0128859445e-05 2.8225810797e-05 1.8007131874e+01 
1.0164000000e-01 1.5626710208e-05 2.8336260275e-05 1.8048498308e+01 
1.0230000000e-01 2.1190812110e-05 2.8405336147e-05 1.8085068624e+01 
1.0296000000e-01 2.6854465272e-05 2.8433936897e-05 1.8116783092e+01 
1.0362000000e-01 3.2620667346e-05 2.8424239667e-05 1.8142354867e+01 
1.0428000000e-01 3.8496745932e-05 2.8381566360e-05 1.8158638325e+01 
1.0494000000e-01 4.4485781531e-05 2.8306082945e-05 1.8165602631e+01 
1.0560000000e-01 5.0648217551e-05 2.8196118807e-05 1.8165715014e+01 
1.0626000000e-01 5.7008780841e-05 2.8050990514e-05 1.8159984794e+01 
1.0692000000e-01 6.3612247864e-05 2.7868248936e-05 1.8148455786e+01 
1.0758000000e-01 7.0568072193e-05 2.7641907313e-05 1.8131235093e+01 
1.0824000000e-01 7.7878754386e-05 2.7372221349e-05 1.8108151745e+01 
1.0890000000e-01 8.5489853102e-05 2.7070803327e-05 1.8075337305e+01 
1.0956000000e-01 9.3379096885e-05 2.6742403726e-05 1.8031209229e+01 
1.1022000000e-01 1.0157669713e-04 2.6385310606e-05 1.7976574520e+01 
1.1088000000e-01 1.1015650393e-04 2.5995339227e-05 1.7913405846e+01 
1.1154000000e-01 1.1912870453e-04 2.5572367142e-05 1.7841816788e+01 
1.1220000000e-01 1.2864356841e-04 2.5117885246e-05 1.7762333437e+01 
1.1286000000e-01 1.3876256945e-04 2.4632503451e-05 1.7675171013e+01 
1.1352000000e-01 1.4942381461e-04 2.4118922181e-05 1.7578366374e+01 
1.1418000000e-01 1.6047600983e-04 2.3583742466e-05 1.7467120722e+01 
1.1484000000e-01 1.7191490042e-04 2.3027298194e-05 1.7341297043e+01 
1.1550000000e-01 1.8379817784e-04 2.2450333804e-05 1.7202679791e+01 
1.1616000000e-01 1.9614944313e-04 2.1853153841e-05 1.7051998971e+01 
1.1682000000e-01 2.0901849568e-04 2.1234453536e-05 1.6890706550e+01 
1.1748000000e-01 2.2252706733e-04 2.0591043455e-05 1.6722351786e+01 
1.1814000000e-01 2.3666352315e-04 1.9923547076e-05 1.6546508250e+01 
1.1880000000e-01 2.5105016239e-04 1.9248870371e-05 1.6350245229e+01 
1.1946000000e-01 2.6553247110e-04 1.8573929417e-05 1.6128272887e+01 
1.2012000000e-01 2.8014058723e-04 1.7895813587e-05 1.5886287027e+01 
1.2078000000e-01 2.9494818129e-04 1.7207408012e-05 1.5638210723e+01 
1.2144000000e-01 3.0994285743e-04 1.6508757728e-05 1.5384179705e+01 
1.2210000000e-01 3.2477823626e-04 1.5807968389e-05 1.5113256924e+01 
1.2276000000e-01 3.3931261713e-04 1.5108355948e-05 1.4820968133e+01 
1.2342000000e-01 3.5343454866e-04 1.4411190460e-05 1.4510556902e+01 
1.2408000000e-01 3.6687159414e-04 1.3719576511e-05 1.4189951957e+01 
1.2474000000e-01 3.7959349497e-04 1.3033942484e-05 1.3859371722e+01 
1.2540000000e-01 3.9120699856e-04 1.2360608222e-05 1.3515692761e+01 
1.2606000000e-01 4.0155122883e-04 1.1702159117e-05 1.3157637307e+01 
1.2672000000e-01 4.1054063678e-04 1.1057907996e-05 1.2786137671e+01 
1.2738000000e-01 4.1796610254e-04 1.0426175102e-05 1.2403472838e+01 
1.2804000000e-01 4.2378617749e-04 9.8073388465e-06 1.2009911109e+01 
1.2870000000e-01 4.2729811133e-04 9.2114040244e-06 1.1609076163e+01 
1.2936000000e-01 4.2821441533e-04 8.6424635065e-06 1.1202450413e+01 
1.3002000000e-01 4.2642430498e-04 8.0996699647e-06 1.0790715142e+01 
1.3068000000e-01 4.2165697372e-04 7.5809521529e-06 1.0375535702e+01 
1.3134000000e-01 4.1395923508e-04 7.0859495633e-06 9.9571182975e+00 
1.3200000000e-01 4.0463179307e-04 6.6088022719e-06 9.5383340677e+00 
1.3266000000e-01 3.9420675389e-04 6.1471130369e-06 9.1203575687e+00 
1.3332000000e-01 3.8238043069e-04 5.7051561220e-06 8.7042297780e+00 
1.3398000000e-01 3.6841047788e-04 5.2933797270e-06 8.2924953069e+00 
1.3464000000e-01 3.5231520351e-04 4.9122510521e-06 7.8853431554e+00 
1.3530000000e-01 3.3523973018e-04 4.5616003035e-06 7.4843867123e+00 
1.3596000000e-01 3.1765251711e-04 4.2413580200e-06 7.0902860002e+00 
1.3662000000e-01 2.9959245276e-04 3.9470414671e-06 6.7042515478e+00 
1.3728000000e-01 2.8115459778e-04 3.6676928500e-06 6.3292424249e+00 
1.3794000000e-01 2.6236196571e-04 3.4026242959e-06 5.9656546955e+00 
1.3860000000e-01 2.4362579433e-04 3.1476604021e-06 5.6192426946e+00 
1.3926000000e-01 2.2511431727e-04 2.9010930492e-06 5.2923604683e+00 
1.3992000000e-01 2.0711923523e-04 2.6673759459e-06 4.9815303556e+00 
1.4058000000e-01 1.9035359444e-04 2.4573959356e-06 4.6782514070e+00 
1.4124000000e-01 1.7483291974e-04 2.2713393823e-06 4.3824122246e+00 
1.4190000000e-01 1.6018571173e-04 2.1024194483e-06 4.1000630006e+00 
1.4256000000e-01 1.4625999338e-04 1.9478597001e-06 3.8336788136e+00 
1.4322000000e-01 1.3308347819e-04 1.8059027146e-06 3.5825643518e+00 
1.4388000000e-01 1.2072391028e-04 1.6722525683e-06 3.3450199640e+00 
1.4454000000e-01 1.0919288206e-04 1.5468107161e-06 3.1207983730e+00 
1.4520000000e-01 9.8677682473e-05 1.4317050840e-06 2.9061591357e+00 
1.4586000000e-01 8.9254929725e-05 1.3278061874e-06 2.6995720708e+00 
1.4652000000e-01 8.0732326127e-05 1.2333257606e-06 2.5036375238e+00 
1.4718000000e-01 7.2639810669e-05 1.1438924874e-06 2.3247118945e+00 
1.4784000000e-01 6.4973387386e-05 1.0594633693e-06 2.1626951230e+00 
1.4850000000e-01 5.8115206055e-05 9.8346375671e-07 2.0090294855e+00 
1.4916000000e-01 5.2221600676e-05 9.1729492926e-07 1.8602140951e+00 
1.4982000000e-01 4.7111215866e-05 8.5854132539e-07 1.7179384268e+00 
1.5048000000e-01 4.2340738462e-05 8.0129823903e-07 1.5863323084e+00 
1.5114000000e-01 3.7893931141e-05 7.4542637894e-07 1.4654441842e+00 
1.5180000000e-01 3.3856885903e-05 6.9376604378e-07 1.3522100008e+00 
1.5246000000e-01 3.0264822202e-05 6.4747917392e-07 1.2453762817e+00 
1.5312000000e-01 2.7099038975e-05 6.0560190524e-07 1.1444693071e+00 
1.5378000000e-01 2.4313822506e-05 5.6577812541e-07 1.0483310953e+00 
1.5444000000e-01 2.1900219414e-05 5.2795210278e-07 9.5698456781e-01 
1.5510000000e-01 1.9706969042e-05 4.9325385332e-07 8.7209198055e-01 
1.5576000000e-01 1.7672192027e-05 4.6214565627e-07 7.9433334733e-01 
1.5642000000e-01 1.5845679427e-05 4.3489893214e-07 7.2225756677e-01 
1.5708000000e-01 1.4349142714e-05 4.1217715331e-07 6.5231750215e-01 
1.5774000000e-01 1.3180645116e-05 3.9379108434e-07 5.8442205237e-01 
1.5840000000e-01 1.2175866170e-05 3.7491407354e-07 5.2011412963e-01 
1.5906000000e-01 1.1267583870e-05 3.5357158158e-07 4.6002492527e-01 
1.5972000000e-01 1.0472982336e-05 3.3148145118e-07 4.0341744353e-01 
1.6038000000e-01 9.8340671968e-06 3.1284285338e-07 3.4849013914e-01 
1.6104000000e-01 9.3524502878e-06 2.9786663107e-07 2.9515632118e-01 
1.6170000000e-01 9.0215863722e-06 2.8699215659e-07 2.4331033445e-01 
1.6236000000e-01 8.8387978528e-06 2.8039917319e-07 1.9290895636e-01 
1.6302000000e-01 8.7816649487e-06 2.7589936709e-07 1.4378079506e-01 
1.6368000000e-01 8.7953837512e-06 2.6814352685e-07 9.5506892681e-02 
1.6434000000e-01 8.8824034558e-06 2.5712910590e-07 4.8042179259e-02 
1.6500000000e-01 9.1514102767e-06 2.4814929078e-07 8.1407363059e-04 
1.6566000000e-01 9.6468667559e-06 2.4336947602e-07 -4.6411661956e-02 
1.6632000000e-01 1.0330240875e-05 2.4149645311e-07 -9.3867044803e-02 
1.6698000000e-01 1.1107343255e-05 2.3936904575e-07 -1.4211922832e-01 
1.6764000000e-01 1.1977369141e-05 2.3688830711e-07 -1.9121319954e-01 
1.6830000000e-01 1.3016803279e-05 2.3503858335e-07 -2.4157151968e-01 
1.6896000000e-01 1.4256934884e-05 2.3422256153e-07 -2.9336705472e-01 
1.6962000000e-01 1.5716060516e-05 2.3430633695e-07 -3.4664280514e-01 
1.7028000000e-01 1.7438905100e-05 2.3496258700e-07 -4.0150388324e-01 
1.7094000000e-01 1.9423927515e-05 2.3617377870e-07 -4.5803680712e-01 
1.7160000000e-01 2.1592498163e-05 2.3788150882e-07 -5.1803986287e-01 
1.7226000000e-01 2.3912450391e-05 2.4006188516e-07 -5.8224871297e-01 
1.7292000000e-01 2.6510162279e-05 2.4250766134e-07 -6.5003435107e-01 
1.7358000000e-01 2.9694558022e-05 2.4471223518e-07 -7.1985920605e-01 
1.7424000000e-01 3.3469762022e-05 2.4676753116e-07 -7.9181433059e-01 
1.7490000000e-01 3.7617586930e-05 2.5120249032e-07 -8.6944045458e-01 
1.7556000000e-01 4.2048774284e-05 2.5905167947e-07 -9.5418605842e-01 
1.7622000000e-01 4.6877595547e-05 2.6843223803e-07 -1.0453736076e+00 
1.7688000000e-01 5.2383380954e-05 2.7474161789e-07 -1.1413469066e+00 
1.7754000000e-01 5.8581867776e-05 2.7801852716e-07 -1.2420832471e+00 
1.7820000000e-01 6.5539945730e-05 2.8371709200e-07 -1.3487392401e+00 
1.7886000000e-01 7.3284978791e-05 2.9406854585e-07 -1.4617880446e+00 
1.7952000000e-01 8.1753596636e-05 3.0761660741e-07 -1.5824843778e+00 
1.8018000000e-01 9.0790894036e-05 3.2080147796e-07 -1.7138953263e+00 
1.8084000000e-01 1.0042212706e-04 3.3336403771e-07 -1.8559726758e+00 
1.8150000000e-01 1.1135783455e-04 3.4316344974e-07 -2.0045886298e+00 
1.8216000000e-01 1.2388869147e-04 3.4932391717e-07 -2.1580545445e+00 
1.8282000000e-01 1.3773976630e-04 3.5406750570e-07 -2.3198753215e+00 
1.8348000000e-01 1.5223900423e-04 3.6282593158e-07 -2.4986184989e+00 
1.8414000000e-01 1.6738628862e-04 3.7570883717e-07 -2.6943847058e+00 
1.8480000000e-01 1.8385110812e-04 3.8969663885e-07 -2.9008202472e+00 
1.8546000000e-01 2.0190734446e-04 4.0355405237e-07 -3.1153258843e+00 
1.8612000000e-01 2.2136505909e-04 4.1717106779e-07 -3.3394351917e+00 
1.8678000000e-01 2.4175995777e-04 4.3027877188e-07 -3.5768969075e+00 
1.8744000000e-01 2.6306724843e-04 4.4289539185e-07 -3.8279597365e+00 
1.8810000000e-01 2.8520579951e-04 4.5569083987e-07 -4.0943464417e+00 
1.8876000000e-01 3.0814242085e-04 4.6893917097e-07 -4.3767617900e+00 
1.8942000000e-01 3.3173972748e-04 4.8120536033e-07 -4.6727208480e+00 
1.9008000000e-01 3.5566188949e-04 4.8898156951e-07 -4.9761493340e+00 
1.9074000000e-01 3.7988569480e-04 4.9237867614e-07 -5.2871606451e+00 
1.9140000000e-01 4.0423630711e-04 4.9734382604e-07 -5.6143237987e+00 
1.9206000000e-01 4.2864220246e-04 5.0630994250e-07 -5.9611443020e+00 
1.9272000000e-01 4.5253008822e-04 5.1680548402e-07 -6.3252527630e+00 
1.9338000000e-01 4.7449858236e-04 5.2278890471e-07 -6.7008573340e+00 
1.9404000000e-01 4.9446169970e-04 5.2396725345e-07 -7.0875697628e+00 
1.9470000000e-01 5.1192914836e-04 5.1993715111e-07 -7.4826403465e+00 
1.9536000000e-01 5.2670035439e-04 5.1053357900e-07 -7.8849442065e+00 
1.9602000000e-01 5.3817522028e-04 4.9759883747e-07 -8.2935480405e+00 
1.9668000000e-01 5.4488684098e-04 4.8563632732e-07 -8.7061704424e+00 
1.9734000000e-01 5.4684651183e-04 4.7474856057e-07 -9.1226375465e+00 
1.9800000000e-01 5.4576963532e-04 4.6268739978e-07 -9.5414057139e+00 
1.9866000000e-01 5.4235796703e-04 4.4853315242e-07 -9.9618434560e+00 
1.9932000000e-01 5.3646703993e-04 4.3261877779e-07 -1.0382151909e+01 
1.9998000000e-01 5.2774371245e-04 4.1575817657e-07 -1.0797933851e+01 
2.0064000000e-01 5.1618245851e-04 3.9792217841e-07 -1.1209035184e+01 
2.0130000000e-01 5.0201484606e-04 3.7765513561e-07 -1.1616462981e+01 
2.0196000000e-01 4.8533560747e-04 3.5436155592e-07 -1.2020629225e+01 
2.0262000000e-01 4.6672215138e-04 3.2870929872e-07 -1.2417658967e+01 
2.0328000000e-01 4.4758592119e-04 3.0233090911e-07 -1.2798080106e+01 
2.0394000000e-01 4.2799024633e-04 2.7514082198e-07 -1.3161746964e+01 
2.0460000000e-01 4.0791693061e-04 2.4362405954e-07 -1.3514926688e+01 
2.0526000000e-01 3.8735853015e-04 2.0634267631e-07 -1.3860183109e+01 
2.0592000000e-01 3.6656510287e-04 1.6648426546e-07 -1.4195379976e+01 
2.0658000000e-01 3.4614790151e-04 1.3184072140e-07 -1.4515295337e+01 
2.0724000000e-01 3.2613526686e-04 1.0270906950e-07 -1.4819667826e+01 
2.0790000000e-01 3.0653944350e-04 7.7831974568e-08 -1.5107969346e+01 
2.0856000000e-01 2.8736544058e-04 5.6695072193e-08 -1.5379983857e+01 
2.0922000000e-01 2.6880058500e-04 3.7635526939e-08 -1.5637761308e+01 
2.0988000000e-01 2.5130278697e-04 1.6588629896e-08 -1.5886312688e+01 
2.1054000000e-01 2.3487183336e-04 -6.4619170885e-09 -1.6125427852e+01 
2.1120000000e-01 2.1904512544e-04 -2.7809964293e-08 -1.6345472626e+01 
2.1186000000e-01 2.0363341827e-04 -4.5939359583e-08 -1.6542505760e+01 
2.1252000000e-01 1.8886380740e-04 -6.0410053034e-08 -1.6721140329e+01 
2.1318000000e-01 1.7529141530e-04 -7.0146367030e-08 -1.6892652745e+01 
2.1384000000e-01 1.6291571930e-04 -7.5309632465e-08 -1.7057251629e+01 
2.1450000000e-01 1.5117009854e-04 -8.0524806830e-08 -1.7208250230e+01 
2.1516000000e-01 1.3982275358e-04 -8.7683918153e-08 -1.7342913061e+01 
2.1582000000e-01 1.2894456439e-04 -9.4191382285e-08 -1.7462823394e+01 
2.1648000000e-01 1.1870879312e-04 -9.3702437934e-08 -1.7571851455e+01 
2.1714000000e-01 1.0912433564e-04 -8.6106315887e-08 -1.7670230505e+01 
2.1780000000e-01 1.0021363893e-04 -7.5310854745e-08 -1.7759222098e+01 
2.1846000000e-01 9.1985885838e-05 -6.2914715753e-08 -1.7839342322e+01 
2.1912000000e-01 8.4371453550e-05 -4.9004992188e-08 -1.7910694772e+01 
2.1978000000e-01 7.7200152941e-05 -3.3794578732e-08 -1.7973532680e+01 
2.2044000000e-01 7.0457486492e-05 -1.7330949981e-08 -1.8027795452e+01 
2.2110000000e-01 6.3994697934e-05 -4.4565240348e-10 -1.8071896802e+01 
2.2176000000e-01 5.7750932427e-05 1.6521135899e-08 -1.8105187796e+01 
2.2242000000e-01 5.1749939351e-05 3.4639852410e-08 -1.8129318544e+01 
2.2308000000e-01 4.6049772740e-05 5.6527122096e-08 -1.8148322650e+01 
2.2374000000e-01 4.0647650516e-05 8.2179169552e-08 -1.8162235134e+01 
2.2440000000e-01 3.5424312914e-05 1.0889631096e-07 -1.8167792796e+01 
2.2506000000e-01 3.0330971848e-05 1.3557413021e-07 -1.8163660692e+01 
2.2572000000e-01 2.5361207828e-05 1.6255372368e-07 -1.8151531708e+01 
2.2638000000e-01 2.0499328773e-05 1.9066888250e-07 -1.8135544010e+01 
2.2704000000e-01 1.5742352900e-05 2.1989759796e-07 -1.8115707014e+01 
2.2770000000e-01 1.1040373069e-05 2.4892188694e-07 -1.8088089687e+01 
2.2836000000e-01 6.3729727240e-06 2.7720257454e-07 -1.8051083883e+01 
2.2902000000e-01 1.7069925558e-06 3.0478148801e-07 -1.8006504507e+01 
2.2968000000e-01 -3.0386235264e-06 3.3176087172e-07 -1.7958788003e+01 
2.3034000000e-01 -7.8676125702e-06 3.5805446719e-07 -1.7907918223e+01 
2.3100000000e-01 -1.2781133538e-05 3.8166234373e-07 -1.7849103500e+01 
2.3166000000e-01 -1.7779660549e-05 4.0176634788e-07 -1.7780383606e+01 
2.3232000000e-01 -2.2898624037e-05 4.1996646176e-07 -1.7703203183e+01 
2.3298000000e-01 -2.8224631723e-05 4.4017375275e-07 -1.7621093582e+01 
2.3364000000e-01 -3.3764493081e-05 4.6224776477e-07 -1.7534178084e+01 
2.3430000000e-01 -3.9581408847e-05 4.7918739637e-07 -1.7441637529e+01 
2.3496000000e-01 -4.5701233868e-05 4.8812856059e-07 -1.7343136808e+01 
2.3562000000e-01 -5.2102532426e-05 4.9096231297e-07 -1.7237351286e+01 
2.3628000000e-01 -5.8732906096e-05 4.9231123372e-07 -1.7121042966e+01 
2.3694000000e-01 -6.5601437070e-05 4.9243749856e-07 -1.6994214630e+01 
2.3760000000e-01 -7.2960331963e-05 4.9248639300e-07 -1.6860165459e+01 
2.3826000000e-01 -8.0912766209e-05 4.9292644292e-07 -1.6720245117e+01 
2.3892000000e-01 -8.9417814538e-05 4.9185215024e-07 -1.6573489677e+01 
2.3958000000e-01 -9.8375437406e-05 4.8460563076e-07 -1.6417542871e+01 
2.4024000000e-01 -1.0778374506e-04 4.7105064932e-07 -1.6252220696e+01 
2.4090000000e-01 -1.1770120249e-04 4.5284791614e-07 -1.6075831356e+01 
2.4156000000e-01 -1.2815172721e-04 4.3067681269e-07 -1.5887682751e+01 
2.4222000000e-01 -1.3921979466e-04 4.0509226729e-07 -1.5688805759e+01 
2.4288000000e-01 -1.5111190038e-04 3.7745077145e-07 -1.5481720302e+01 
2.4354000000e-01 -1.6382803461e-04 3.4789070568e-07 -1.5266421633e+01 
2.4420000000e-01 -1.7716148733e-04 3.1809995046e-07 -1.5040285379e+01 
2.4486000000e-01 -1.9102769534e-04 2.8876900233e-07 -1.4802237934e+01 
2.4552000000e-01 -2.0544213571e-04 2.5877259091e-07 -1.4551994974e+01 
2.4618000000e-01 -2.2044264124e-04 2.2536005528e-07 -1.4288861485e+01 
2.4684000000e-01 -2.3603583227e-04 1.8858061419e-07 -1.4013007925e+01 
2.4750000000e-01 -2.5232952355e-04 1.5226774089e-07 -1.3728879394e+01 
2.4816000000e-01 -2.6936782113e-04 1.1798967443e-07 -1.3438294342e+01 
2.4882000000e-01 -2.8692716564e-04 8.4343194177e-08 -1.3138395038e+01 
2.4948000000e-01 -3.0446107871e-04 4.7898205166e-08 -1.2822195915e+01 
2.5014000000e-01 -3.2194104613e-04 8.7019970410e-09 -1.2489761392e+01 
2.5080000000e-01 -3.3928623381e-04 -2.8774963746e-08 -1.2149494261e+01 
2.5146000000e-01 -3.5646357326e-04 -6.2703849973e-08 -1.1804832029e+01 
2.5212000000e-01 -3.7327508510e-04 -9.3367476820e-08 -1.1454125474e+01 
2.5278000000e-01 -3.8923681973e-04 -1.2145717027e-07 -1.1093343175e+01 
2.5344000000e-01 -4.0430662133e-04 -1.4715307468e-07 -1.0722541099e+01 
2.5410000000e-01 -4.1804101134e-04 -1.7372704092e-07 -1.0346982028e+01 
2.5476000000e-01 -4.3025856674e-04 -2.0251755338e-07 -9.9688189138e+00 
2.5542000000e-01 -4.4050293263e-04 -2.3142756512e-07 -9.5881982008e+00 
2.5608000000e-01 -4.4765857480e-04 -2.5533096134e-07 -9.2054778596e+00 
2.5674000000e-01 -4.5171968092e-04 -2.7422431619e-07 -8.8208642964e+00 
2.5740000000e-01 -4.5367391357e-04 -2.9315837571e-07 -8.4385404727e+00 
2.5806000000e-01 -4.5392531653e-04 -3.1419935422e-07 -8.0602176000e+00 
2.5872000000e-01 -4.5176311372e-04 -3.3550008899e-07 -7.6859839706e+00 
2.5938000000e-01 -4.4544985247e-04 -3.5254529339e-07 -7.3160554098e+00 
2.6004000000e-01 -4.3499013225e-04 -3.6514409611e-07 -6.9505723192e+00 
2.6070000000e-01 -4.2222259371e-04 -3.7361261477e-07 -6.5924077082e+00 
2.6136000000e-01 -4.0789940806e-04 -3.7808017024e-07 -6.2427368986e+00 
2.6202000000e-01 -3.9204644214e-04 -3.7963633552e-07 -5.9027778323e+00 
2.6268000000e-01 -3.7472692608e-04 -3.8094451137e-07 -5.5755077000e+00 
2.6334000000e-01 -3.5597182310e-04 -3.8198207164e-07 -5.2608910361e+00 
2.6400000000e-01 -3.3639909431e-04 -3.7958784001e-07 -4.9551704056e+00 
2.6466000000e-01 -3.1626154197e-04 -3.7246860798e-07 -4.6568086760e+00 
2.6532000000e-01 -2.9578606005e-04 -3.6278615917e-07 -4.3687946000e+00 
2.6598000000e-01 -2.7552727825e-04 -3.5582485349e-07 -4.0984340177e+00 
2.6664000000e-01 -2.5552393324e-04 -3.5161943265e-07 -3.8458070675e+00 
2.6730000000e-01 -2.3607360193e-04 -3.4564985330e-07 -3.6053709561e+00 
2.6796000000e-01 -2.1729802031e-04 -3.3606700682e-07 -3.3748581771e+00 
2.6862000000e-01 -1.9933428629e-04 -3.2379544752e-07 -3.1542157193e+00 
2.6928000000e-01 -1.8251752805e-04 -3.1109519707e-07 -2.9433139998e+00 
2.6994000000e-01 -1.6684206471e-04 -2.9821856914e-07 -2.7423336779e+00 
2.7060000000e-01 -1.5184778852e-04 -2.8845644306e-07 -2.5553788426e+00 
2.7126000000e-01 -1.3734647361e-04 -2.8315508766e-07 -2.3841284393e+00 
2.7192000000e-01 -1.2368008288e-04 -2.7972281006e-07 -2.2251413324e+00 
2.7258000000e-01 -1.1168452564e-04 -2.7182436105e-07 -2.0700058568e+00 
2.7324000000e-01 -1.0135050932e-04 -2.5933256516e-07 -1.9187385450e+00 
2.7390000000e-01 -9.1637687824e-05 -2.4578481117e-07 -1.7801147769e+00 
2.7456000000e-01 -8.2120465010e-05 -2.3262821266e-07 -1.6577244808e+00 
2.7522000000e-01 -7.3225310973e-05 -2.2087900100e-07 -1.5470019881e+00 
2.7588000000e-01 -6.5994708154e-05 -2.1302129736e-07 -1.4367867760e+00 
2.7654000000e-01 -6.0422536965e-05 -2.0892334245e-07 -1.3268881281e+00 
2.7720000000e-01 -5.5331683996e-05 -2.0320231092e-07 -1.2242708064e+00 
2.7786000000e-01 -5.0240602852e-05 -1.9365613788e-07 -1.1317840318e+00 
2.7852000000e-01 -4.5155558687e-05 -1.8120020908e-07 -1.0489096352e+00 
2.7918000000e-01 -4.0091866313e-05 -1.6807213419e-07 -9.7438098173e-01 
2.7984000000e-01 -3.5078663104e-05 -1.5454409020e-07 -9.0790047223e-01 
2.8050000000e-01 -3.0741656415e-05 -1.4436636142e-07 -8.4418756285e-01 
2.8116000000e-01 -2.7336817437e-05 -1.3907315509e-07 -7.8108203109e-01 
2.8182000000e-01 -2.4618770431e-05 -1.3618737466e-07 -7.2038141347e-01 
2.8248000000e-01 -2.1987708033e-05 -1.2965389531e-07 -6.6647968812e-01 
2.8314000000e-01 -1.9426187183e-05 -1.1944954309e-07 -6.1940097598e-01 
2.8380000000e-01 -1.7150267928e-05 -1.1111961651e-07 -5.7528195990e-01 
2.8446000000e-01 -1.5248338466e-05 -1.0693264677e-07 -5.3254219195e-01 
2.8512000000e-01 -1.3644660095e-05 -1.0562945827e-07 -4.9183153808e-01 
2.8578000000e-01 -1.2154093762e-05 -1.0413206619e-07 -4.5473855951e-01 
2.8644000000e-01 -1.0769768447e-05 -1.0220267242e-07 -4.2128235863e-01 
2.8710000000e-01 -9.5256608033e-06 -9.7687703066e-08 -3.9029462646e-01 
2.8776000000e-01 -8.4356703685e-06 -8.9706150642e-08 -3.6129741843e-01 
2.8842000000e-01 -7.4863396269e-06 -8.0246930877e-08 -3.3420651551e-01 
2.8908000000e-01 -6.6447724277e-06 -7.4171837782e-08 -3.0881604898e-01 
2.8974000000e-01 -5.9077000930e-06 -7.1587164809e-08 -2.8513097110e-01 
2.9040000000e-01 -5.2361078611e-06 -6.9969573913e-08 -2.6346610068e-01 
2.9106000000e-01 -4.6140351475e-06 -6.8286790436e-08 -2.4395022723e-01 
2.9172000000e-01 -4.0530572977e-06 -6.5570713564e-08 -2.2616315151e-01 
2.9238000000e-01 -3.5814696001e-06 -5.9454874640e-08 -2.0907771983e-01 
2.9304000000e-01 -3.1982372445e-06 -5.0055880798e-08 -1.9268172416e-01 
2.9370000000e-01 -2.8522991173e-06 -4.2305557654e-08 -1.7773374164e-01 
2.9436000000e-01 -2.5227665813e-06 -3.8221470235e-08 -1.6454409926e-01 
2.9502000000e-01 -2.2186865128e-06 -3.6873334515e-08 -1.5273760894e-01 
2.9568000000e-01 -1.9621734991e-06 -3.5987122877e-08 -1.4139714423e-01 
2.9634000000e-01 -1.7529723880e-06 -3.5451003035e-08 -1.3049905548e-01 
2.9700000000e-01 -1.5633552433e-06 -3.5078692284e-08 -1.2044017685e-01 
2.9766000000e-01 -1.3819788183e-06 -3.4793984063e-08 -1.1138284958e-01 
2.9832000000e-01 -1.2135831254e-06 -3.4449049102e-08 -1.0317702076e-01 
2.9898000000e-01 -1.0697548614e-06 -3.3682526968e-08 -9.5455894374e-02 
2.9964000000e-01 -9.5052673667e-07 -3.2505367975e-08 -8.8204761649e-02 
3.0030000000e-01 -8.4503168091e-07 -3.1519839516e-08 -8.1466825653e-02 
3.0096000000e-01 -7.4882407446e-07 -3.0972323706e-08 -7.5259760368e-02 
3.0162000000e-01 -6.6165535897e-07 -3.0761975771e-08 -6.9568209472e-02 
3.0228000000e-01 -5.8291794736e-07 -3.0642286268e-08 -6.4354635292e-02 
3.0294000000e-01 -5.1264936307e-07 -3.0600076619e-08 -5.9609909192e-02 
3.0360000000e-01 -4.5228270915e-07 -3.0591927547e-08 -5.5170738868e-02 
3.0426000000e-01 -4.0240425501e-07 -3.0600076619e-08 -5.0970322923e-02 
3.0492000000e-01 -3.6050905499e-07 -2.9436398064e-08 -4.7039306229e-02 
3.0558000000e-01 -3.2047390859e-07 -2.4196584437e-08 -4.3452598475e-02 
3.0624000000e-01 -2.8210222074e-07 -1.5011280922e-08 -4.0209845464e-02 
3.0690000000e-01 -2.4719210043e-07 -7.6589890402e-09 -3.7228345211e-02 
3.0756000000e-01 -2.1647913769e-07 -4.5036412305e-09 -3.4474265085e-02 
3.0822000000e-01 -1.9013688560e-07 -4.3419277062e-09 -3.1933294856e-02 
3.0888000000e-01 -1.6858958503e-07 -4.2324245442e-09 -2.9570453960e-02 
3.0954000000e-01 -1.5174430542e-07 -4.0438817450e-09 -2.7382311954e-02 
3.1020000000e-01 -1.3713233349e-07 -3.8302232497e-09 -2.5328379661e-02 
3.1086000000e-01 -1.2374374107e-07 -3.6135088522e-09 -2.3392093328e-02 
3.1152000000e-01 -1.1106227189e-07 -3.4188065001e-09 -2.1594091995e-02 
3.1218000000e-01 -9.7825966195e-08 -3.3073933992e-09 -1.9984826649e-02 
3.1284000000e-01 -8.4166153548e-08 -3.2849357012e-09 -1.8562735296e-02 
3.1350000000e-01 -7.4234044217e-08 -3.4148115447e-09 -1.7243003066e-02 
3.1416000000e-01 -6.9727860586e-08 -3.7229483496e-09 -1.5990932969e-02 
3.1482000000e-01 -6.7694645172e-08 -4.1093608161e-09 -1.4816771629e-02 
3.1548000000e-01 -6.0916057459e-08 -4.3296404328e-09 -1.3745566353e-02 
3.1614000000e-01 -4.9375592403e-08 -4.3727732191e-09 -1.2777418910e-02 
3.1680000000e-01 -3.9928479564e-08 -4.2408601075e-09 -1.1889520918e-02 
3.1746000000e-01 -3.5379131035e-08 -3.9347605707e-09 -1.1072541677e-02 
3.1812000000e-01 -3.4300630936e-08 -3.4047684494e-09 -1.0321232965e-02 
3.1878000000e-01 -3.3204962668e-08 -2.5293797989e-09 -9.6227657983e-03 
3.1944000000e-01 -3.1824262490e-08 -1.3468650195e-09 -8.9770658694e-03 
3.2010000000e-01 -2.7753544643e-08 -8.2067685980e-10 -8.3953274248e-03 
3.2076000000e-01 -2.0008951316e-08 -1.3449550806e-09 -7.8821299287e-03 
3.2142000000e-01 -1.0657431392e-08 -2.3290272111e-09 -7.4243651801e-03 
3.2208000000e-01 -4.7515265828e-09 -2.3290272111e-09 -6.9899909092e-03 
3.2274000000e-01 -2.4388566544e-09 -1.3285296063e-09 -6.5789040042e-03 
3.2340000000e-01 -1.9145147689e-09 -4.1004000195e-10 -6.2208782706e-03 
3.2406000000e-01 -2.4401299470e-09 -1.6401600079e-11 -5.9280939017e-03 
3.2472000000e-01 -3.5726083070e-09 -3.4741585727e-22 -5.6871195506e-03 
3.2538000000e-01 -4.2288314717e-09 9.2644228606e-23 -5.4651230363e-03 
3.2604000000e-01 -4.3541194827e-09 7.2378303598e-24 -5.2611716001e-03 
3.2670000000e-01 -3.8286316340e-09 6.0218748594e-22 -5.0875767333e-03 
3.2736000000e-01 -2.6033421818e-09 6.4850960024e-22 -4.9493749550e-03 
3.2802000000e-01 -1.0719611510e-09 0.0000000000e+00 -4.8461285461e-03 
3.2868000000e-01 -1.9689082365e-10 0.0000000000e+00 -4.7767675269e-03 
3.2934000000e-01 9.2644228606e-23 0.0000000000e+00 -4.7405241767e-03 
3.3000000000e-01 -4.6322114303e-23 0.0000000000e+00 -4.7215786230e-03 
